8.000000000000000444e-01,0.000000000000000000e+00,2.000000000000000111e-01,0.000000000000000000e+00,4.400000000000000355e+00,3.399999999999999911e+00,0.000000000000000000e+00,0.000000000000000000e+00,4.000000000000000222e-01,0.000000000000000000e+00,4.000000000000000222e-01,2.799999999999999822e+00,0.000000000000000000e+00,0.000000000000000000e+00,4.000000000000000222e-01,0.000000000000000000e+00,2.000000000000000000e+00,2.799999999999999822e+00,0.000000000000000000e+00,0.000000000000000000e+00,0.000000000000000000e+00,2.000000000000000389e-01,0.000000000000000000e+00,8.000000000000000444e-01,1.000000000000000000e+00,0.000000000000000000e+00,0.000000000000000000e+00,0.000000000000000000e+00,0.000000000000000000e+00,0.000000000000000000e+00,2.399999999999999911e+00,0.000000000000000000e+00,0.000000000000000000e+00,2.000000000000000111e-01,8.000000000000000444e-01,0.000000000000000000e+00,6.200000000000000178e+00,4.000000000000000222e-01,0.000000000000000000e+00,5.999999999999999778e-01,0.000000000000000000e+00,6.800000000000000711e+00,6.400000000000000355e+00,0.000000000000000000e+00,0.000000000000000000e+00,6.200000000000000178e+00,4.000000000000000222e-01,0.000000000000000000e+00,4.000000000000000222e-01,8.000000000000000000e+00,0.000000000000000000e+00,0.000000000000000000e+00,4.000000000000000222e-01,1.799999999999999822e+00,1.019999999999999929e+01,5.999999999999999778e-01,2.000000000000000111e-01,0.000000000000000000e+00,2.000000000000000111e-01,8.000000000000001554e-01,8.400000000000000355e+00,0.000000000000000000e+00,0.000000000000000000e+00,0.000000000000000000e+00,8.000000000000000000e+00,4.000000000000000222e-01,1.000000000000000000e+00,0.000000000000000000e+00,5.999999999999999778e-01,8.000000000000000444e-01,4.000000000000000222e-01,1.000000000000000000e+00
4.000000000000000222e-01,1.000000000000000000e+00,1.000000000000000000e+00,0.000000000000000000e+00,6.000000000000000000e+00,9.800000000000000711e+00,0.000000000000000000e+00,1.600000000000000089e+00,1.199999999999999956e+00,1.600000000000000089e+00,1.199999999999999956e+00,1.399999999999999911e+00,0.000000000000000000e+00,0.000000000000000000e+00,1.000000000000000000e+00,0.000000000000000000e+00,1.199999999999999956e+00,4.000000000000000222e-01,1.800000000000000044e+00,0.000000000000000000e+00,0.000000000000000000e+00,2.000000000000000389e-01,1.399999999999999911e+00,5.999999999999999778e-01,2.000000000000000111e-01,2.000000000000000111e-01,0.000000000000000000e+00,0.000000000000000000e+00,2.000000000000000000e+00,4.000000000000000222e-01,5.200000000000000178e+00,1.399999999999999911e+00,8.000000000000000444e-01,1.000000000000000000e+00,1.399999999999999911e+00,8.000000000000001554e-01,1.000000000000000000e+00,1.800000000000000044e+00,2.600000000000000089e+00,1.600000000000000089e+00,1.199999999999999956e+00,4.000000000000000222e-01,4.200000000000000178e+00,0.000000000000000000e+00,5.999999999999999778e-01,1.000000000000000000e+00,1.799999999999999822e+00,4.000000000000000222e-01,1.800000000000000044e+00,1.399999999999999911e+00,0.000000000000000000e+00,0.000000000000000000e+00,1.000000000000000000e+00,1.799999999999999822e+00,5.999999999999999778e-01,2.600000000000000089e+00,3.600000000000000089e+00,0.000000000000000000e+00,0.000000000000000000e+00,1.800000000000000044e+00,8.000000000000000444e-01,0.000000000000000000e+00,1.199999999999999956e+00,0.000000000000000000e+00,1.399999999999999911e+00,1.199999999999999956e+00,1.800000000000000266e+00,8.000000000000000444e-01,2.200000000000000178e+00,4.799999999999999822e+00,1.000000000000000000e+00,3.999999999999999667e-01
3.399999999999999911e+00,1.399999999999999911e+00,5.999999999999999778e-01,5.999999999999999778e-01,1.199999999999999956e+00,2.399999999999999911e+00,0.000000000000000000e+00,0.000000000000000000e+00,0.000000000000000000e+00,0.000000000000000000e+00,0.000000000000000000e+00,2.000000000000000111e-01,3.000000000000000000e+00,0.000000000000000000e+00,0.000000000000000000e+00,2.000000000000000111e-01,0.000000000000000000e+00,0.000000000000000000e+00,0.000000000000000000e+00,2.000000000000000111e-01,0.000000000000000000e+00,2.200000000000000178e+00,2.000000000000000111e-01,0.000000000000000000e+00,0.000000000000000000e+00,0.000000000000000000e+00,2.000000000000000111e-01,0.000000000000000000e+00,4.000000000000000222e-01,2.000000000000000111e-01,2.000000000000000111e-01,2.000000000000000111e-01,0.000000000000000000e+00,5.999999999999999778e-01,0.000000000000000000e+00,0.000000000000000000e+00,0.000000000000000000e+00,4.000000000000000222e-01,8.000000000000000444e-01,2.000000000000000111e-01,0.000000000000000000e+00,2.000000000000000111e-01,1.000000000000000000e+00,0.000000000000000000e+00,5.999999999999999778e-01,0.000000000000000000e+00,4.000000000000000222e-01,1.800000000000000044e+00,0.000000000000000000e+00,0.000000000000000000e+00,4.000000000000000222e-01,0.000000000000000000e+00,2.000000000000000111e-01,2.600000000000000089e+00,0.000000000000000000e+00,0.000000000000000000e+00,0.000000000000000000e+00,0.000000000000000000e+00,4.000000000000000222e-01,0.000000000000000000e+00,0.000000000000000000e+00,4.000000000000000222e-01,4.000000000000000222e-01,1.000000000000000000e+00,0.000000000000000000e+00,5.999999999999999778e-01,8.000000000000000444e-01,1.000000000000000000e+00,8.000000000000000444e-01,3.200000000000000178e+00,2.000000000000000111e-01,1.999999999999999833e-01
1.199999999999999956e+00,2.200000000000000178e+00,8.000000000000000444e-01,0.000000000000000000e+00,2.000000000000000111e-01,2.000000000000000000e+00,0.000000000000000000e+00,0.000000000000000000e+00,3.600000000000000089e+00,0.000000000000000000e+00,3.600000000000000089e+00,1.600000000000000089e+00,0.000000000000000000e+00,0.000000000000000000e+00,4.000000000000000222e-01,1.399999999999999911e+00,1.000000000000000000e+00,0.000000000000000000e+00,0.000000000000000000e+00,1.399999999999999911e+00,2.000000000000000000e+00,1.399999999999999911e+00,1.199999999999999956e+00,0.000000000000000000e+00,0.000000000000000000e+00,1.019999999999999929e+01,1.119999999999999929e+01,2.000000000000000000e+00,0.000000000000000000e+00,4.000000000000000222e-01,2.399999999999999911e+00,1.199999999999999956e+00,2.000000000000000111e-01,8.000000000000000444e-01,4.599999999999999645e+00,1.600000000000000311e+00,0.000000000000000000e+00,0.000000000000000000e+00,9.800000000000000711e+00,2.200000000000000178e+00,2.000000000000000111e-01,1.259999999999999964e+01,4.000000000000000222e-01,0.000000000000000000e+00,1.000000000000000000e+00,0.000000000000000000e+00,0.000000000000000000e+00,1.600000000000000089e+00,4.000000000000000222e-01,2.799999999999999822e+00,1.199999999999999956e+00,3.399999999999999911e+00,2.000000000000000111e-01,2.600000000000000089e+00,0.000000000000000000e+00,3.000000000000000000e+00,6.200000000000000178e+00,5.999999999999999778e-01,2.000000000000000111e-01,4.000000000000000777e-01,0.000000000000000000e+00,2.600000000000000089e+00,3.399999999999999911e+00,2.000000000000000111e-01,2.799999999999999822e+00,0.000000000000000000e+00,5.999999999999999778e-01,1.199999999999999956e+00,3.200000000000000178e+00,3.600000000000000089e+00,2.000000000000000111e-01,7.799999999999999822e+00
1.600000000000000089e+00,0.000000000000000000e+00,8.000000000000000444e-01,2.000000000000000111e-01,2.000000000000000111e-01,5.999999999999999778e-01,8.000000000000000444e-01,0.000000000000000000e+00,5.999999999999999778e-01,0.000000000000000000e+00,5.999999999999999778e-01,0.000000000000000000e+00,0.000000000000000000e+00,0.000000000000000000e+00,0.000000000000000000e+00,3.799999999999999822e+00,2.000000000000000111e-01,0.000000000000000000e+00,0.000000000000000000e+00,3.799999999999999822e+00,2.000000000000000111e-01,3.599999999999999645e+00,0.000000000000000000e+00,2.000000000000000111e-01,0.000000000000000000e+00,1.199999999999999956e+00,8.000000000000000444e-01,2.000000000000000111e-01,0.000000000000000000e+00,0.000000000000000000e+00,6.000000000000000000e+00,0.000000000000000000e+00,0.000000000000000000e+00,4.000000000000000222e-01,2.600000000000000089e+00,2.000000000000000389e-01,0.000000000000000000e+00,1.000000000000000000e+00,5.999999999999999778e-01,0.000000000000000000e+00,5.999999999999999778e-01,0.000000000000000000e+00,1.399999999999999911e+00,1.000000000000000000e+00,5.999999999999999778e-01,0.000000000000000000e+00,1.000000000000000000e+00,0.000000000000000000e+00,2.600000000000000089e+00,0.000000000000000000e+00,0.000000000000000000e+00,0.000000000000000000e+00,1.600000000000000089e+00,5.999999999999999778e-01,8.000000000000001554e-01,0.000000000000000000e+00,1.199999999999999956e+00,0.000000000000000000e+00,0.000000000000000000e+00,0.000000000000000000e+00,8.000000000000000444e-01,0.000000000000000000e+00,3.000000000000000000e+00,2.000000000000000111e-01,0.000000000000000000e+00,2.399999999999999911e+00,0.000000000000000000e+00,2.000000000000000000e+00,5.999999999999999778e-01,8.000000000000000444e-01,1.600000000000000089e+00,2.200000000000000178e+00
4.200000000000000178e+00,0.000000000000000000e+00,3.000000000000000000e+00,0.000000000000000000e+00,5.400000000000000355e+00,6.400000000000000355e+00,2.000000000000000111e-01,1.400000000000000000e+01,3.200000000000000178e+00,1.399999999999999822e+01,3.200000000000000178e+00,2.000000000000000111e-01,1.000000000000000000e+00,0.000000000000000000e+00,0.000000000000000000e+00,1.399999999999999911e+00,5.999999999999999778e-01,0.000000000000000000e+00,3.200000000000000178e+00,1.399999999999999911e+00,0.000000000000000000e+00,7.599999999999998757e+00,8.800000000000000711e+00,5.999999999999999778e-01,2.000000000000000111e-01,2.000000000000000111e-01,4.000000000000000222e-01,0.000000000000000000e+00,0.000000000000000000e+00,0.000000000000000000e+00,8.199999999999997513e+00,8.800000000000000711e+00,0.000000000000000000e+00,6.000000000000000000e+00,1.939999999999999858e+01,4.599999999999999645e+00,1.800000000000000044e+00,0.000000000000000000e+00,2.539999999999999858e+01,1.000000000000000000e+00,2.039999999999999858e+01,7.400000000000000355e+00,4.000000000000000222e-01,4.000000000000000222e-01,2.399999999999999911e+00,1.800000000000000044e+00,0.000000000000000000e+00,0.000000000000000000e+00,2.000000000000000111e-01,1.000000000000000000e+00,2.000000000000000111e-01,0.000000000000000000e+00,3.200000000000000178e+00,1.259999999999999787e+01,2.600000000000000089e+00,1.600000000000000089e+00,2.100000000000000000e+01,0.000000000000000000e+00,0.000000000000000000e+00,1.199999999999999956e+00,4.000000000000000222e-01,0.000000000000000000e+00,8.599999999999997868e+00,5.999999999999999778e-01,1.000000000000000000e+00,2.600000000000000089e+00,1.080000000000000071e+01,1.199999999999999956e+00,3.000000000000000000e+00,9.400000000000000355e+00,3.200000000000000178e+00,1.199999999999999956e+00
4.000000000000000222e-01,1.700000000000000000e+01,1.000000000000000000e+01,2.799999999999999822e+00,8.199999999999997513e+00,1.600000000000000089e+00,0.000000000000000000e+00,4.000000000000000222e-01,4.599999999999999645e+00,4.000000000000000222e-01,4.599999999999999645e+00,0.000000000000000000e+00,5.999999999999999778e-01,0.000000000000000000e+00,0.000000000000000000e+00,2.000000000000000111e-01,0.000000000000000000e+00,0.000000000000000000e+00,1.199999999999999956e+00,2.000000000000000111e-01,0.000000000000000000e+00,2.000000000000000389e-01,7.199999999999999289e+00,2.000000000000000111e-01,0.000000000000000000e+00,2.200000000000000178e+00,2.600000000000000089e+00,0.000000000000000000e+00,2.000000000000000111e-01,4.000000000000000222e-01,6.400000000000000355e+00,7.200000000000000178e+00,0.000000000000000000e+00,5.599999999999999645e+00,1.600000000000000089e+00,7.599999999999998757e+00,0.000000000000000000e+00,2.000000000000000111e-01,6.200000000000000178e+00,0.000000000000000000e+00,3.200000000000000178e+00,0.000000000000000000e+00,5.200000000000000178e+00,0.000000000000000000e+00,3.600000000000000089e+00,0.000000000000000000e+00,2.000000000000000111e-01,1.199999999999999956e+00,0.000000000000000000e+00,0.000000000000000000e+00,0.000000000000000000e+00,0.000000000000000000e+00,6.799999999999999822e+00,1.080000000000000071e+01,0.000000000000000000e+00,0.000000000000000000e+00,2.000000000000000000e+00,0.000000000000000000e+00,2.799999999999999822e+00,0.000000000000000000e+00,0.000000000000000000e+00,2.000000000000000111e-01,7.599999999999998757e+00,0.000000000000000000e+00,0.000000000000000000e+00,4.799999999999999822e+00,1.600000000000000089e+00,2.799999999999999822e+00,2.000000000000000000e+00,7.400000000000000355e+00,6.799999999999999822e+00,0.000000000000000000e+00
3.399999999999999911e+00,0.000000000000000000e+00,2.200000000000000178e+00,2.000000000000000111e-01,1.199999999999999956e+00,3.799999999999999822e+00,0.000000000000000000e+00,2.000000000000000111e-01,0.000000000000000000e+00,2.000000000000000111e-01,0.000000000000000000e+00,0.000000000000000000e+00,0.000000000000000000e+00,0.000000000000000000e+00,0.000000000000000000e+00,3.000000000000000000e+00,4.000000000000000222e-01,0.000000000000000000e+00,2.000000000000000111e-01,3.000000000000000000e+00,0.000000000000000000e+00,2.000000000000000389e-01,1.799999999999999822e+00,0.000000000000000000e+00,0.000000000000000000e+00,0.000000000000000000e+00,0.000000000000000000e+00,0.000000000000000000e+00,0.000000000000000000e+00,1.399999999999999911e+00,4.000000000000000222e-01,1.800000000000000044e+00,0.000000000000000000e+00,1.199999999999999956e+00,3.200000000000000178e+00,2.600000000000000089e+00,0.000000000000000000e+00,0.000000000000000000e+00,1.400000000000000133e+00,2.000000000000000111e-01,1.199999999999999956e+00,0.000000000000000000e+00,4.000000000000000000e+00,1.600000000000000089e+00,1.000000000000000000e+00,0.000000000000000000e+00,0.000000000000000000e+00,0.000000000000000000e+00,2.000000000000000111e-01,0.000000000000000000e+00,4.000000000000000222e-01,0.000000000000000000e+00,1.000000000000000000e+00,4.799999999999999822e+00,0.000000000000000000e+00,0.000000000000000000e+00,5.999999999999999778e-01,1.399999999999999911e+00,0.000000000000000000e+00,1.399999999999999911e+00,2.000000000000000111e-01,0.000000000000000000e+00,1.059999999999999964e+01,0.000000000000000000e+00,0.000000000000000000e+00,1.000000000000000000e+00,3.799999999999999822e+00,1.000000000000000000e+00,0.000000000000000000e+00,4.000000000000000222e-01,1.000000000000000000e+00,2.600000000000000089e+00
0.000000000000000000e+00,1.839999999999999858e+01,1.200000000000000000e+01,8.000000000000000444e-01,1.260000000000000142e+01,1.219999999999999929e+01,4.200000000000000178e+00,2.799999999999999822e+00,9.400000000000000355e+00,2.799999999999999822e+00,9.400000000000000355e+00,4.200000000000000178e+00,3.000000000000000000e+00,0.000000000000000000e+00,0.000000000000000000e+00,5.999999999999999778e-01,1.639999999999999503e+01,8.000000000000000444e-01,8.000000000000000444e-01,5.999999999999999778e-01,2.000000000000000111e-01,1.619999999999999929e+01,7.199999999999999289e+00,4.000000000000000000e+00,2.600000000000000089e+00,1.399999999999999911e+00,2.399999999999999911e+00,2.000000000000000111e-01,7.599999999999998757e+00,5.200000000000000178e+00,4.400000000000000355e+00,7.200000000000000178e+00,1.000000000000000000e+00,1.199999999999999956e+00,3.479999999999999716e+01,1.780000000000000071e+01,6.799999999999999822e+00,3.200000000000000178e+00,1.800000000000000000e+01,1.000000000000000000e+01,1.440000000000000036e+01,7.200000000000000178e+00,2.600000000000000089e+00,0.000000000000000000e+00,8.199999999999997513e+00,6.799999999999999822e+00,3.200000000000000178e+00,5.999999999999999778e-01,1.660000000000000142e+01,2.600000000000000089e+00,5.999999999999999778e-01,0.000000000000000000e+00,5.400000000000000355e+00,1.540000000000000036e+01,4.000000000000000000e+00,5.999999999999999778e-01,1.480000000000000071e+01,1.199999999999999956e+00,5.999999999999999778e-01,5.200000000000001066e+00,4.799999999999999822e+00,5.999999999999999778e-01,6.200000000000000178e+00,0.000000000000000000e+00,2.600000000000000089e+00,1.680000000000000071e+01,1.180000000000000071e+01,2.219999999999999929e+01,3.000000000000000000e+00,8.000000000000000444e-01,5.400000000000000355e+00,7.999999999999999334e-01
5.999999999999999778e-01,2.799999999999999822e+00,2.000000000000000111e-01,1.399999999999999911e+00,0.000000000000000000e+00,4.000000000000000222e-01,0.000000000000000000e+00,0.000000000000000000e+00,0.000000000000000000e+00,0.000000000000000000e+00,0.000000000000000000e+00,0.000000000000000000e+00,0.000000000000000000e+00,0.000000000000000000e+00,0.000000000000000000e+00,2.000000000000000111e-01,0.000000000000000000e+00,0.000000000000000000e+00,0.000000000000000000e+00,2.000000000000000111e-01,4.200000000000000178e+00,1.399999999999999911e+00,4.000000000000000000e+00,8.000000000000000444e-01,2.000000000000000111e-01,4.000000000000000222e-01,1.000000000000000000e+00,4.200000000000000178e+00,0.000000000000000000e+00,1.199999999999999956e+00,4.000000000000000222e-01,4.000000000000000000e+00,0.000000000000000000e+00,8.000000000000000444e-01,0.000000000000000000e+00,3.399999999999999467e+00,0.000000000000000000e+00,4.000000000000000222e-01,5.400000000000000355e+00,2.000000000000000111e-01,8.000000000000000444e-01,0.000000000000000000e+00,0.000000000000000000e+00,2.000000000000000111e-01,2.200000000000000178e+00,0.000000000000000000e+00,4.000000000000000222e-01,8.000000000000000444e-01,0.000000000000000000e+00,0.000000000000000000e+00,5.999999999999999778e-01,1.199999999999999956e+00,0.000000000000000000e+00,1.199999999999999956e+00,0.000000000000000000e+00,0.000000000000000000e+00,2.000000000000000111e-01,0.000000000000000000e+00,1.800000000000000044e+00,0.000000000000000000e+00,0.000000000000000000e+00,0.000000000000000000e+00,8.000000000000000444e-01,0.000000000000000000e+00,0.000000000000000000e+00,0.000000000000000000e+00,3.399999999999999467e+00,0.000000000000000000e+00,2.000000000000000000e+00,2.200000000000000178e+00,0.000000000000000000e+00,1.999999999999999833e-01
2.799999999999999822e+00,8.000000000000000000e+00,5.599999999999999645e+00,9.800000000000000711e+00,9.199999999999999289e+00,2.800000000000000000e+01,1.440000000000000036e+01,2.200000000000000178e+00,8.199999999999997513e+00,2.200000000000000178e+00,8.199999999999997513e+00,2.060000000000000142e+01,5.200000000000000178e+00,0.000000000000000000e+00,6.400000000000000355e+00,1.000000000000000000e+00,6.000000000000000000e+00,2.439999999999999858e+01,3.600000000000000089e+00,1.000000000000000000e+00,8.199999999999997513e+00,3.599999999999999645e+00,2.600000000000000089e+00,7.400000000000000355e+00,2.119999999999999929e+01,2.119999999999999929e+01,2.460000000000000142e+01,8.199999999999997513e+00,1.800000000000000044e+00,1.380000000000000071e+01,6.799999999999999822e+00,2.600000000000000089e+00,1.600000000000000000e+01,3.700000000000000000e+01,1.159999999999999964e+01,1.219999999999999929e+01,1.619999999999999929e+01,3.399999999999999911e+00,2.219999999999999929e+01,6.400000000000000355e+00,1.040000000000000036e+01,3.400000000000000000e+01,1.380000000000000071e+01,2.000000000000000111e-01,9.000000000000000000e+00,1.619999999999999929e+01,3.399999999999999911e+00,5.200000000000000178e+00,1.639999999999999503e+01,2.060000000000000142e+01,6.200000000000000178e+00,9.199999999999999289e+00,5.999999999999999778e-01,2.200000000000000000e+01,2.239999999999999858e+01,8.199999999999997513e+00,7.799999999999999822e+00,1.119999999999999929e+01,1.059999999999999964e+01,1.000000000000000000e+01,2.839999999999999858e+01,8.599999999999997868e+00,4.799999999999999822e+00,0.000000000000000000e+00,2.060000000000000142e+01,1.600000000000000089e+00,7.400000000000001243e+00,2.000000000000000000e+00,4.000000000000000000e+00,1.019999999999999929e+01,5.999999999999999778e-01,3.260000000000000142e+01
4.000000000000000222e-01,0.000000000000000000e+00,0.000000000000000000e+00,2.000000000000000111e-01,3.200000000000000178e+00,1.399999999999999911e+00,1.000000000000000000e+00,0.000000000000000000e+00,0.000000000000000000e+00,0.000000000000000000e+00,0.000000000000000000e+00,1.199999999999999956e+00,0.000000000000000000e+00,0.000000000000000000e+00,1.000000000000000000e+00,0.000000000000000000e+00,0.000000000000000000e+00,1.600000000000000089e+00,0.000000000000000000e+00,0.000000000000000000e+00,1.399999999999999911e+00,0.000000000000000000e+00,0.000000000000000000e+00,0.000000000000000000e+00,2.000000000000000111e-01,2.000000000000000111e-01,0.000000000000000000e+00,1.399999999999999911e+00,0.000000000000000000e+00,4.000000000000000222e-01,5.999999999999999778e-01,0.000000000000000000e+00,2.000000000000000111e-01,0.000000000000000000e+00,0.000000000000000000e+00,0.000000000000000000e+00,0.000000000000000000e+00,0.000000000000000000e+00,0.000000000000000000e+00,0.000000000000000000e+00,0.000000000000000000e+00,5.999999999999999778e-01,8.000000000000000444e-01,0.000000000000000000e+00,4.000000000000000222e-01,0.000000000000000000e+00,0.000000000000000000e+00,1.800000000000000044e+00,1.960000000000000142e+01,2.000000000000000111e-01,5.999999999999999778e-01,4.000000000000000222e-01,0.000000000000000000e+00,2.000000000000000111e-01,3.000000000000000000e+00,5.999999999999999778e-01,0.000000000000000000e+00,1.199999999999999956e+00,4.000000000000000222e-01,0.000000000000000000e+00,1.399999999999999911e+00,0.000000000000000000e+00,0.000000000000000000e+00,0.000000000000000000e+00,2.000000000000000111e-01,0.000000000000000000e+00,2.000000000000000111e-01,0.000000000000000000e+00,0.000000000000000000e+00,1.000000000000000000e+00,0.000000000000000000e+00,0.000000000000000000e+00
1.399999999999999911e+00,1.000000000000000000e+00,0.000000000000000000e+00,4.000000000000000222e-01,8.000000000000000444e-01,2.200000000000000178e+00,2.799999999999999822e+00,0.000000000000000000e+00,0.000000000000000000e+00,0.000000000000000000e+00,0.000000000000000000e+00,2.600000000000000089e+00,0.000000000000000000e+00,0.000000000000000000e+00,8.400000000000000355e+00,2.200000000000000178e+00,4.000000000000000222e-01,1.780000000000000071e+01,0.000000000000000000e+00,2.200000000000000178e+00,2.200000000000000178e+00,5.999999999999999778e-01,0.000000000000000000e+00,5.999999999999999778e-01,4.400000000000000355e+00,2.000000000000000000e+00,2.200000000000000178e+00,2.200000000000000178e+00,0.000000000000000000e+00,3.799999999999999822e+00,7.400000000000000355e+00,0.000000000000000000e+00,2.399999999999999911e+00,5.999999999999999778e-01,6.200000000000000178e+00,0.000000000000000000e+00,3.200000000000000178e+00,2.000000000000000111e-01,0.000000000000000000e+00,0.000000000000000000e+00,0.000000000000000000e+00,8.800000000000000711e+00,8.000000000000000444e-01,5.999999999999999778e-01,2.000000000000000000e+00,3.200000000000000178e+00,2.000000000000000111e-01,4.200000000000000178e+00,1.199999999999999956e+00,1.200000000000000000e+01,4.000000000000000222e-01,2.200000000000000178e+00,4.000000000000000222e-01,0.000000000000000000e+00,1.660000000000000142e+01,2.799999999999999822e+00,1.000000000000000000e+00,6.400000000000000355e+00,1.800000000000000044e+00,0.000000000000000000e+00,1.619999999999999929e+01,0.000000000000000000e+00,0.000000000000000000e+00,6.000000000000000000e+00,1.200000000000000000e+01,0.000000000000000000e+00,0.000000000000000000e+00,2.000000000000000111e-01,4.000000000000000222e-01,2.000000000000000111e-01,4.000000000000000222e-01,5.999999999999999778e-01
0.000000000000000000e+00,0.000000000000000000e+00,0.000000000000000000e+00,0.000000000000000000e+00,0.000000000000000000e+00,6.599999999999999645e+00,3.399999999999999911e+00,0.000000000000000000e+00,0.000000000000000000e+00,0.000000000000000000e+00,0.000000000000000000e+00,1.800000000000000044e+00,0.000000000000000000e+00,0.000000000000000000e+00,0.000000000000000000e+00,2.000000000000000111e-01,0.000000000000000000e+00,1.600000000000000089e+00,2.000000000000000111e-01,2.000000000000000111e-01,0.000000000000000000e+00,0.000000000000000000e+00,0.000000000000000000e+00,5.999999999999999778e-01,2.000000000000000000e+00,0.000000000000000000e+00,2.000000000000000111e-01,0.000000000000000000e+00,0.000000000000000000e+00,2.200000000000000178e+00,0.000000000000000000e+00,0.000000000000000000e+00,5.999999999999999778e-01,0.000000000000000000e+00,4.000000000000000222e-01,0.000000000000000000e+00,2.000000000000000111e-01,0.000000000000000000e+00,0.000000000000000000e+00,0.000000000000000000e+00,0.000000000000000000e+00,1.600000000000000089e+00,2.000000000000000111e-01,0.000000000000000000e+00,1.000000000000000000e+00,2.000000000000000111e-01,0.000000000000000000e+00,5.999999999999999778e-01,2.000000000000000111e-01,1.399999999999999911e+00,0.000000000000000000e+00,0.000000000000000000e+00,0.000000000000000000e+00,0.000000000000000000e+00,2.600000000000000089e+00,5.200000000000000178e+00,0.000000000000000000e+00,0.000000000000000000e+00,2.000000000000000111e-01,0.000000000000000000e+00,1.199999999999999956e+00,0.000000000000000000e+00,0.000000000000000000e+00,3.000000000000000000e+00,1.399999999999999911e+00,5.999999999999999778e-01,0.000000000000000000e+00,0.000000000000000000e+00,0.000000000000000000e+00,2.000000000000000111e-01,0.000000000000000000e+00,0.000000000000000000e+00
0.000000000000000000e+00,0.000000000000000000e+00,0.000000000000000000e+00,0.000000000000000000e+00,0.000000000000000000e+00,4.000000000000000222e-01,0.000000000000000000e+00,0.000000000000000000e+00,0.000000000000000000e+00,0.000000000000000000e+00,0.000000000000000000e+00,0.000000000000000000e+00,0.000000000000000000e+00,0.000000000000000000e+00,5.799999999999999822e+00,4.000000000000000222e-01,2.000000000000000111e-01,3.799999999999999822e+00,0.000000000000000000e+00,4.000000000000000222e-01,1.600000000000000089e+00,2.000000000000000389e-01,0.000000000000000000e+00,5.999999999999999778e-01,2.000000000000000000e+00,2.000000000000000000e+00,2.399999999999999911e+00,1.600000000000000089e+00,0.000000000000000000e+00,3.000000000000000000e+00,0.000000000000000000e+00,0.000000000000000000e+00,1.199999999999999956e+00,2.000000000000000111e-01,2.000000000000000111e-01,0.000000000000000000e+00,5.400000000000000355e+00,0.000000000000000000e+00,0.000000000000000000e+00,0.000000000000000000e+00,0.000000000000000000e+00,9.599999999999999645e+00,5.999999999999999778e-01,0.000000000000000000e+00,4.200000000000000178e+00,5.400000000000000355e+00,0.000000000000000000e+00,2.399999999999999911e+00,3.600000000000000089e+00,1.240000000000000036e+01,4.000000000000000222e-01,1.000000000000000000e+00,0.000000000000000000e+00,0.000000000000000000e+00,1.240000000000000036e+01,2.000000000000000111e-01,0.000000000000000000e+00,1.800000000000000044e+00,1.000000000000000000e+00,1.000000000000000000e+00,1.119999999999999929e+01,1.399999999999999911e+00,0.000000000000000000e+00,0.000000000000000000e+00,1.240000000000000036e+01,0.000000000000000000e+00,0.000000000000000000e+00,0.000000000000000000e+00,0.000000000000000000e+00,0.000000000000000000e+00,0.000000000000000000e+00,1.800000000000000044e+00
0.000000000000000000e+00,0.000000000000000000e+00,0.000000000000000000e+00,0.000000000000000000e+00,0.000000000000000000e+00,4.439999999999999858e+01,1.300000000000000000e+01,0.000000000000000000e+00,0.000000000000000000e+00,0.000000000000000000e+00,0.000000000000000000e+00,1.860000000000000142e+01,5.999999999999999778e-01,0.000000000000000000e+00,0.000000000000000000e+00,0.000000000000000000e+00,4.000000000000000222e-01,4.000000000000000222e-01,0.000000000000000000e+00,0.000000000000000000e+00,1.000000000000000000e+00,0.000000000000000000e+00,0.000000000000000000e+00,0.000000000000000000e+00,0.000000000000000000e+00,4.000000000000000222e-01,0.000000000000000000e+00,1.000000000000000000e+00,8.000000000000000444e-01,5.999999999999999778e-01,0.000000000000000000e+00,0.000000000000000000e+00,4.000000000000000222e-01,0.000000000000000000e+00,0.000000000000000000e+00,0.000000000000000000e+00,1.199999999999999956e+00,0.000000000000000000e+00,0.000000000000000000e+00,0.000000000000000000e+00,0.000000000000000000e+00,2.399999999999999911e+00,2.000000000000000111e-01,0.000000000000000000e+00,2.000000000000000111e-01,1.199999999999999956e+00,0.000000000000000000e+00,5.999999999999999778e-01,7.379999999999998295e+01,1.600000000000000089e+00,1.399999999999999911e+00,4.000000000000000222e-01,0.000000000000000000e+00,0.000000000000000000e+00,1.199999999999999956e+00,2.780000000000000071e+01,0.000000000000000000e+00,2.000000000000000111e-01,2.000000000000000111e-01,1.199999999999999956e+00,1.800000000000000044e+00,0.000000000000000000e+00,0.000000000000000000e+00,1.219999999999999751e+01,1.600000000000000089e+00,0.000000000000000000e+00,0.000000000000000000e+00,0.000000000000000000e+00,0.000000000000000000e+00,0.000000000000000000e+00,0.000000000000000000e+00,0.000000000000000000e+00
2.799999999999999822e+00,0.000000000000000000e+00,0.000000000000000000e+00,4.000000000000000222e-01,0.000000000000000000e+00,3.200000000000000178e+00,0.000000000000000000e+00,0.000000000000000000e+00,0.000000000000000000e+00,0.000000000000000000e+00,0.000000000000000000e+00,2.000000000000000111e-01,0.000000000000000000e+00,0.000000000000000000e+00,0.000000000000000000e+00,0.000000000000000000e+00,0.000000000000000000e+00,2.000000000000000111e-01,0.000000000000000000e+00,0.000000000000000000e+00,1.000000000000000000e+00,0.000000000000000000e+00,0.000000000000000000e+00,0.000000000000000000e+00,0.000000000000000000e+00,0.000000000000000000e+00,0.000000000000000000e+00,1.000000000000000000e+00,0.000000000000000000e+00,0.000000000000000000e+00,0.000000000000000000e+00,0.000000000000000000e+00,0.000000000000000000e+00,0.000000000000000000e+00,0.000000000000000000e+00,0.000000000000000000e+00,0.000000000000000000e+00,0.000000000000000000e+00,0.000000000000000000e+00,0.000000000000000000e+00,0.000000000000000000e+00,0.000000000000000000e+00,0.000000000000000000e+00,0.000000000000000000e+00,0.000000000000000000e+00,0.000000000000000000e+00,0.000000000000000000e+00,0.000000000000000000e+00,6.400000000000000355e+00,0.000000000000000000e+00,2.399999999999999911e+00,3.200000000000000178e+00,0.000000000000000000e+00,0.000000000000000000e+00,0.000000000000000000e+00,8.000000000000000444e-01,0.000000000000000000e+00,1.800000000000000044e+00,0.000000000000000000e+00,2.000000000000000389e-01,2.000000000000000111e-01,5.999999999999999778e-01,0.000000000000000000e+00,5.999999999999999778e-01,0.000000000000000000e+00,0.000000000000000000e+00,0.000000000000000000e+00,0.000000000000000000e+00,0.000000000000000000e+00,0.000000000000000000e+00,0.000000000000000000e+00,1.999999999999999833e-01
1.600000000000000089e+00,0.000000000000000000e+00,1.600000000000000089e+00,2.000000000000000111e-01,4.000000000000000222e-01,4.939999999999999858e+01,3.399999999999999911e+00,0.000000000000000000e+00,0.000000000000000000e+00,0.000000000000000000e+00,0.000000000000000000e+00,1.600000000000000089e+00,9.199999999999999289e+00,0.000000000000000000e+00,0.000000000000000000e+00,0.000000000000000000e+00,8.599999999999997868e+00,4.799999999999999822e+00,0.000000000000000000e+00,0.000000000000000000e+00,1.199999999999999956e+00,0.000000000000000000e+00,0.000000000000000000e+00,4.000000000000000222e-01,8.000000000000000444e-01,0.000000000000000000e+00,2.000000000000000111e-01,1.199999999999999956e+00,1.359999999999999964e+01,5.999999999999999778e-01,0.000000000000000000e+00,0.000000000000000000e+00,5.999999999999999778e-01,1.600000000000000089e+00,0.000000000000000000e+00,0.000000000000000000e+00,9.199999999999999289e+00,3.399999999999999911e+00,0.000000000000000000e+00,2.600000000000000089e+00,0.000000000000000000e+00,1.380000000000000071e+01,0.000000000000000000e+00,0.000000000000000000e+00,8.000000000000000444e-01,9.199999999999999289e+00,3.399999999999999911e+00,1.000000000000000000e+00,2.200000000000000178e+00,8.400000000000000355e+00,8.000000000000000444e-01,2.399999999999999911e+00,5.000000000000000000e+00,0.000000000000000000e+00,3.000000000000000000e+00,1.500000000000000178e+01,0.000000000000000000e+00,2.000000000000000111e-01,0.000000000000000000e+00,7.799999999999999822e+00,6.599999999999999645e+00,2.000000000000000111e-01,0.000000000000000000e+00,4.599999999999999645e+00,8.400000000000000355e+00,2.600000000000000089e+00,0.000000000000000000e+00,3.000000000000000000e+00,0.000000000000000000e+00,0.000000000000000000e+00,5.000000000000000000e+00,3.199999999999999734e+00
0.000000000000000000e+00,0.000000000000000000e+00,0.000000000000000000e+00,0.000000000000000000e+00,0.000000000000000000e+00,6.400000000000000355e+00,4.599999999999999645e+00,0.000000000000000000e+00,0.000000000000000000e+00,0.000000000000000000e+00,0.000000000000000000e+00,5.400000000000000355e+00,0.000000000000000000e+00,0.000000000000000000e+00,0.000000000000000000e+00,0.000000000000000000e+00,0.000000000000000000e+00,0.000000000000000000e+00,0.000000000000000000e+00,0.000000000000000000e+00,0.000000000000000000e+00,0.000000000000000000e+00,0.000000000000000000e+00,0.000000000000000000e+00,0.000000000000000000e+00,0.000000000000000000e+00,0.000000000000000000e+00,0.000000000000000000e+00,0.000000000000000000e+00,0.000000000000000000e+00,0.000000000000000000e+00,0.000000000000000000e+00,0.000000000000000000e+00,0.000000000000000000e+00,0.000000000000000000e+00,0.000000000000000000e+00,0.000000000000000000e+00,0.000000000000000000e+00,0.000000000000000000e+00,0.000000000000000000e+00,0.000000000000000000e+00,2.000000000000000111e-01,0.000000000000000000e+00,0.000000000000000000e+00,0.000000000000000000e+00,0.000000000000000000e+00,0.000000000000000000e+00,0.000000000000000000e+00,1.000000000000000000e+00,0.000000000000000000e+00,0.000000000000000000e+00,0.000000000000000000e+00,0.000000000000000000e+00,0.000000000000000000e+00,0.000000000000000000e+00,1.600000000000000089e+00,0.000000000000000000e+00,0.000000000000000000e+00,1.000000000000000000e+00,0.000000000000000000e+00,0.000000000000000000e+00,0.000000000000000000e+00,0.000000000000000000e+00,7.000000000000000000e+00,0.000000000000000000e+00,0.000000000000000000e+00,0.000000000000000000e+00,0.000000000000000000e+00,0.000000000000000000e+00,0.000000000000000000e+00,0.000000000000000000e+00,3.999999999999999667e-01
0.000000000000000000e+00,0.000000000000000000e+00,0.000000000000000000e+00,0.000000000000000000e+00,0.000000000000000000e+00,0.000000000000000000e+00,0.000000000000000000e+00,0.000000000000000000e+00,0.000000000000000000e+00,0.000000000000000000e+00,0.000000000000000000e+00,0.000000000000000000e+00,0.000000000000000000e+00,0.000000000000000000e+00,0.000000000000000000e+00,0.000000000000000000e+00,0.000000000000000000e+00,0.000000000000000000e+00,0.000000000000000000e+00,0.000000000000000000e+00,0.000000000000000000e+00,0.000000000000000000e+00,0.000000000000000000e+00,0.000000000000000000e+00,0.000000000000000000e+00,0.000000000000000000e+00,0.000000000000000000e+00,0.000000000000000000e+00,0.000000000000000000e+00,0.000000000000000000e+00,0.000000000000000000e+00,0.000000000000000000e+00,0.000000000000000000e+00,2.000000000000000111e-01,0.000000000000000000e+00,0.000000000000000000e+00,0.000000000000000000e+00,0.000000000000000000e+00,0.000000000000000000e+00,0.000000000000000000e+00,0.000000000000000000e+00,0.000000000000000000e+00,0.000000000000000000e+00,0.000000000000000000e+00,0.000000000000000000e+00,0.000000000000000000e+00,0.000000000000000000e+00,0.000000000000000000e+00,0.000000000000000000e+00,0.000000000000000000e+00,0.000000000000000000e+00,2.000000000000000111e-01,0.000000000000000000e+00,0.000000000000000000e+00,0.000000000000000000e+00,0.000000000000000000e+00,0.000000000000000000e+00,0.000000000000000000e+00,0.000000000000000000e+00,0.000000000000000000e+00,0.000000000000000000e+00,0.000000000000000000e+00,0.000000000000000000e+00,0.000000000000000000e+00,0.000000000000000000e+00,0.000000000000000000e+00,0.000000000000000000e+00,0.000000000000000000e+00,0.000000000000000000e+00,0.000000000000000000e+00,0.000000000000000000e+00,0.000000000000000000e+00
0.000000000000000000e+00,0.000000000000000000e+00,0.000000000000000000e+00,0.000000000000000000e+00,0.000000000000000000e+00,9.599999999999999645e+00,3.799999999999999822e+00,0.000000000000000000e+00,0.000000000000000000e+00,0.000000000000000000e+00,0.000000000000000000e+00,2.600000000000000089e+00,0.000000000000000000e+00,0.000000000000000000e+00,5.999999999999999778e-01,0.000000000000000000e+00,0.000000000000000000e+00,8.000000000000000444e-01,0.000000000000000000e+00,0.000000000000000000e+00,0.000000000000000000e+00,0.000000000000000000e+00,0.000000000000000000e+00,0.000000000000000000e+00,0.000000000000000000e+00,0.000000000000000000e+00,0.000000000000000000e+00,0.000000000000000000e+00,0.000000000000000000e+00,2.000000000000000111e-01,0.000000000000000000e+00,0.000000000000000000e+00,2.000000000000000111e-01,0.000000000000000000e+00,0.000000000000000000e+00,0.000000000000000000e+00,1.000000000000000000e+00,0.000000000000000000e+00,0.000000000000000000e+00,0.000000000000000000e+00,0.000000000000000000e+00,2.000000000000000000e+00,0.000000000000000000e+00,0.000000000000000000e+00,2.000000000000000111e-01,1.000000000000000000e+00,0.000000000000000000e+00,0.000000000000000000e+00,0.000000000000000000e+00,2.000000000000000000e+00,0.000000000000000000e+00,0.000000000000000000e+00,0.000000000000000000e+00,0.000000000000000000e+00,2.200000000000000178e+00,3.799999999999999822e+00,0.000000000000000000e+00,0.000000000000000000e+00,0.000000000000000000e+00,0.000000000000000000e+00,2.600000000000000089e+00,0.000000000000000000e+00,0.000000000000000000e+00,1.800000000000000044e+00,2.000000000000000000e+00,0.000000000000000000e+00,0.000000000000000000e+00,0.000000000000000000e+00,0.000000000000000000e+00,0.000000000000000000e+00,0.000000000000000000e+00,1.000000000000000000e+00
2.000000000000000111e-01,0.000000000000000000e+00,0.000000000000000000e+00,0.000000000000000000e+00,0.000000000000000000e+00,2.000000000000000111e-01,0.000000000000000000e+00,0.000000000000000000e+00,0.000000000000000000e+00,0.000000000000000000e+00,0.000000000000000000e+00,0.000000000000000000e+00,0.000000000000000000e+00,0.000000000000000000e+00,0.000000000000000000e+00,0.000000000000000000e+00,0.000000000000000000e+00,0.000000000000000000e+00,0.000000000000000000e+00,0.000000000000000000e+00,0.000000000000000000e+00,0.000000000000000000e+00,0.000000000000000000e+00,0.000000000000000000e+00,0.000000000000000000e+00,0.000000000000000000e+00,0.000000000000000000e+00,0.000000000000000000e+00,0.000000000000000000e+00,0.000000000000000000e+00,0.000000000000000000e+00,0.000000000000000000e+00,0.000000000000000000e+00,0.000000000000000000e+00,0.000000000000000000e+00,0.000000000000000000e+00,0.000000000000000000e+00,0.000000000000000000e+00,0.000000000000000000e+00,0.000000000000000000e+00,0.000000000000000000e+00,0.000000000000000000e+00,0.000000000000000000e+00,0.000000000000000000e+00,0.000000000000000000e+00,0.000000000000000000e+00,0.000000000000000000e+00,0.000000000000000000e+00,0.000000000000000000e+00,0.000000000000000000e+00,0.000000000000000000e+00,0.000000000000000000e+00,0.000000000000000000e+00,0.000000000000000000e+00,0.000000000000000000e+00,2.000000000000000111e-01,0.000000000000000000e+00,0.000000000000000000e+00,0.000000000000000000e+00,0.000000000000000000e+00,0.000000000000000000e+00,0.000000000000000000e+00,0.000000000000000000e+00,0.000000000000000000e+00,0.000000000000000000e+00,0.000000000000000000e+00,0.000000000000000000e+00,0.000000000000000000e+00,0.000000000000000000e+00,0.000000000000000000e+00,0.000000000000000000e+00,0.000000000000000000e+00
2.000000000000000111e-01,0.000000000000000000e+00,2.000000000000000111e-01,0.000000000000000000e+00,0.000000000000000000e+00,2.000000000000000111e-01,0.000000000000000000e+00,0.000000000000000000e+00,0.000000000000000000e+00,0.000000000000000000e+00,0.000000000000000000e+00,2.000000000000000111e-01,0.000000000000000000e+00,0.000000000000000000e+00,0.000000000000000000e+00,0.000000000000000000e+00,0.000000000000000000e+00,0.000000000000000000e+00,0.000000000000000000e+00,0.000000000000000000e+00,0.000000000000000000e+00,2.000000000000000389e-01,0.000000000000000000e+00,0.000000000000000000e+00,0.000000000000000000e+00,0.000000000000000000e+00,2.000000000000000111e-01,0.000000000000000000e+00,0.000000000000000000e+00,4.000000000000000222e-01,0.000000000000000000e+00,0.000000000000000000e+00,0.000000000000000000e+00,0.000000000000000000e+00,0.000000000000000000e+00,0.000000000000000000e+00,2.000000000000000111e-01,0.000000000000000000e+00,0.000000000000000000e+00,0.000000000000000000e+00,0.000000000000000000e+00,2.000000000000000111e-01,0.000000000000000000e+00,0.000000000000000000e+00,2.000000000000000111e-01,2.000000000000000111e-01,0.000000000000000000e+00,4.000000000000000222e-01,0.000000000000000000e+00,0.000000000000000000e+00,0.000000000000000000e+00,0.000000000000000000e+00,0.000000000000000000e+00,0.000000000000000000e+00,0.000000000000000000e+00,0.000000000000000000e+00,0.000000000000000000e+00,0.000000000000000000e+00,0.000000000000000000e+00,0.000000000000000000e+00,2.000000000000000111e-01,0.000000000000000000e+00,0.000000000000000000e+00,2.000000000000000111e-01,0.000000000000000000e+00,0.000000000000000000e+00,0.000000000000000000e+00,0.000000000000000000e+00,0.000000000000000000e+00,0.000000000000000000e+00,0.000000000000000000e+00,0.000000000000000000e+00
1.799999999999999822e+00,1.599999999999999867e+00,5.599999999999999645e+00,4.000000000000000222e-01,1.140000000000000036e+01,3.279999999999999716e+01,1.019999999999999929e+01,3.600000000000000089e+00,6.400000000000000355e+00,3.600000000000000089e+00,6.400000000000000355e+00,2.019999999999999929e+01,5.599999999999999645e+00,0.000000000000000000e+00,1.000000000000000000e+00,8.000000000000000444e-01,4.799999999999999822e+00,2.600000000000000089e+00,6.599999999999999645e+00,8.000000000000000444e-01,2.000000000000000000e+00,0.000000000000000000e+00,1.399999999999999911e+00,2.000000000000000111e-01,2.000000000000000111e-01,5.999999999999999778e-01,1.399999999999999911e+00,2.000000000000000000e+00,5.400000000000000355e+00,2.600000000000000089e+00,5.200000000000000178e+00,1.399999999999999911e+00,2.000000000000000111e-01,2.200000000000000178e+00,1.399999999999999911e+00,5.000000000000000000e+00,7.599999999999998757e+00,3.000000000000000000e+00,4.799999999999999822e+00,4.599999999999999645e+00,0.000000000000000000e+00,8.000000000000000000e+00,4.799999999999999822e+00,2.000000000000000111e-01,3.000000000000000000e+00,7.599999999999998757e+00,3.000000000000000000e+00,1.000000000000000000e+00,3.000000000000000000e+00,1.240000000000000036e+01,1.000000000000000000e+00,5.000000000000000000e+00,6.200000000000000178e+00,9.800000000000002487e+00,1.479999999999999893e+01,4.599999999999999645e+00,2.200000000000000178e+00,2.200000000000000178e+00,2.799999999999999822e+00,9.599999999999999645e+00,9.599999999999999645e+00,5.999999999999999778e-01,0.000000000000000000e+00,4.400000000000000355e+00,1.240000000000000036e+01,8.800000000000000711e+00,2.000000000000000000e+00,7.599999999999997868e+00,3.600000000000000089e+00,5.000000000000000000e+00,6.200000000000000178e+00,6.000000000000000000e+00
0.000000000000000000e+00,1.999999999999999833e-01,4.599999999999999645e+00,0.000000000000000000e+00,9.400000000000000355e+00,2.660000000000000142e+01,1.359999999999999964e+01,4.000000000000000222e-01,0.000000000000000000e+00,4.000000000000000222e-01,0.000000000000000000e+00,7.200000000000000178e+00,9.199999999999999289e+00,0.000000000000000000e+00,2.719999999999999929e+01,2.200000000000000178e+00,0.000000000000000000e+00,3.600000000000000000e+01,4.400000000000000355e+00,2.200000000000000178e+00,1.800000000000000044e+00,3.200000000000000622e+00,0.000000000000000000e+00,1.240000000000000036e+01,1.939999999999999858e+01,3.200000000000000178e+00,4.000000000000000000e+00,1.800000000000000044e+00,3.000000000000000000e+00,1.380000000000000071e+01,7.599999999999997868e+00,0.000000000000000000e+00,9.800000000000000711e+00,8.000000000000000000e+00,5.999999999999999778e-01,1.280000000000000249e+01,4.400000000000000355e+00,0.000000000000000000e+00,6.799999999999999822e+00,0.000000000000000000e+00,0.000000000000000000e+00,6.400000000000000355e+00,1.000000000000000000e+01,8.000000000000000444e-01,9.400000000000000355e+00,4.400000000000000355e+00,0.000000000000000000e+00,3.000000000000000000e+00,0.000000000000000000e+00,1.800000000000000000e+01,0.000000000000000000e+00,3.600000000000000089e+00,4.000000000000000000e+00,1.600000000000000000e+01,2.860000000000000142e+01,5.599999999999999645e+00,7.400000000000000355e+00,2.000000000000000000e+00,8.000000000000000444e-01,8.800000000000000711e+00,2.660000000000000142e+01,0.000000000000000000e+00,2.000000000000000111e-01,5.599999999999999645e+00,1.800000000000000000e+01,6.599999999999999645e+00,1.619999999999999929e+01,5.400000000000000355e+00,1.000000000000000000e+01,7.599999999999999645e+00,4.000000000000000000e+00,6.000000000000000000e+00
1.500000000000000000e+01,1.399999999999999911e+00,0.000000000000000000e+00,0.000000000000000000e+00,1.600000000000000089e+00,9.000000000000000000e+00,8.000000000000000444e-01,2.799999999999999822e+00,4.000000000000000222e-01,2.799999999999999822e+00,4.000000000000000222e-01,2.200000000000000178e+00,0.000000000000000000e+00,0.000000000000000000e+00,1.200000000000000000e+01,3.600000000000000089e+00,1.000000000000000000e+00,1.939999999999999858e+01,2.600000000000000089e+00,3.600000000000000089e+00,2.000000000000000111e-01,4.000000000000000777e-01,0.000000000000000000e+00,5.000000000000000000e+00,5.799999999999999822e+00,0.000000000000000000e+00,0.000000000000000000e+00,2.000000000000000111e-01,5.999999999999999778e-01,1.600000000000000089e+00,3.200000000000000178e+00,0.000000000000000000e+00,1.000000000000000000e+00,2.799999999999999822e+00,2.799999999999999822e+00,1.199999999999999956e+00,2.000000000000000111e-01,1.399999999999999911e+00,3.799999999999999822e+00,4.000000000000000222e-01,1.199999999999999956e+00,5.999999999999999778e-01,5.400000000000000355e+00,1.199999999999999956e+00,4.000000000000000222e-01,2.000000000000000111e-01,1.400000000000000133e+00,2.000000000000000111e-01,0.000000000000000000e+00,2.000000000000000111e-01,0.000000000000000000e+00,8.000000000000000444e-01,0.000000000000000000e+00,4.799999999999999822e+00,1.800000000000000000e+01,3.399999999999999911e+00,1.000000000000000000e+00,0.000000000000000000e+00,0.000000000000000000e+00,0.000000000000000000e+00,7.400000000000001243e+00,0.000000000000000000e+00,1.000000000000000000e+00,3.200000000000000178e+00,2.000000000000000111e-01,5.999999999999999778e-01,2.200000000000000178e+00,2.000000000000000000e+00,1.199999999999999956e+00,2.600000000000000089e+00,0.000000000000000000e+00,1.199999999999999956e+00
2.000000000000000111e-01,0.000000000000000000e+00,2.000000000000000111e-01,2.000000000000000111e-01,0.000000000000000000e+00,0.000000000000000000e+00,0.000000000000000000e+00,0.000000000000000000e+00,0.000000000000000000e+00,0.000000000000000000e+00,0.000000000000000000e+00,0.000000000000000000e+00,0.000000000000000000e+00,0.000000000000000000e+00,0.000000000000000000e+00,0.000000000000000000e+00,0.000000000000000000e+00,2.000000000000000111e-01,0.000000000000000000e+00,0.000000000000000000e+00,0.000000000000000000e+00,0.000000000000000000e+00,0.000000000000000000e+00,0.000000000000000000e+00,0.000000000000000000e+00,0.000000000000000000e+00,0.000000000000000000e+00,0.000000000000000000e+00,0.000000000000000000e+00,0.000000000000000000e+00,0.000000000000000000e+00,0.000000000000000000e+00,0.000000000000000000e+00,0.000000000000000000e+00,2.000000000000000111e-01,0.000000000000000000e+00,0.000000000000000000e+00,0.000000000000000000e+00,0.000000000000000000e+00,0.000000000000000000e+00,0.000000000000000000e+00,2.000000000000000111e-01,0.000000000000000000e+00,0.000000000000000000e+00,0.000000000000000000e+00,0.000000000000000000e+00,0.000000000000000000e+00,0.000000000000000000e+00,0.000000000000000000e+00,0.000000000000000000e+00,2.000000000000000111e-01,0.000000000000000000e+00,0.000000000000000000e+00,2.000000000000000111e-01,2.000000000000000389e-01,0.000000000000000000e+00,0.000000000000000000e+00,0.000000000000000000e+00,0.000000000000000000e+00,0.000000000000000000e+00,2.000000000000000111e-01,0.000000000000000000e+00,0.000000000000000000e+00,0.000000000000000000e+00,0.000000000000000000e+00,2.000000000000000111e-01,0.000000000000000000e+00,0.000000000000000000e+00,0.000000000000000000e+00,2.000000000000000111e-01,0.000000000000000000e+00,0.000000000000000000e+00
2.000000000000000111e-01,0.000000000000000000e+00,2.000000000000000111e-01,0.000000000000000000e+00,0.000000000000000000e+00,0.000000000000000000e+00,0.000000000000000000e+00,2.000000000000000111e-01,0.000000000000000000e+00,2.000000000000000111e-01,0.000000000000000000e+00,2.000000000000000111e-01,0.000000000000000000e+00,0.000000000000000000e+00,2.000000000000000111e-01,2.000000000000000111e-01,0.000000000000000000e+00,0.000000000000000000e+00,2.000000000000000111e-01,2.000000000000000111e-01,0.000000000000000000e+00,2.000000000000000389e-01,0.000000000000000000e+00,2.000000000000000111e-01,0.000000000000000000e+00,0.000000000000000000e+00,0.000000000000000000e+00,0.000000000000000000e+00,0.000000000000000000e+00,0.000000000000000000e+00,0.000000000000000000e+00,0.000000000000000000e+00,2.000000000000000111e-01,0.000000000000000000e+00,0.000000000000000000e+00,0.000000000000000000e+00,2.000000000000000111e-01,0.000000000000000000e+00,2.000000000000000111e-01,0.000000000000000000e+00,0.000000000000000000e+00,2.000000000000000111e-01,2.000000000000000111e-01,0.000000000000000000e+00,0.000000000000000000e+00,2.000000000000000111e-01,0.000000000000000000e+00,2.000000000000000111e-01,0.000000000000000000e+00,2.000000000000000111e-01,2.000000000000000111e-01,0.000000000000000000e+00,2.000000000000000111e-01,0.000000000000000000e+00,0.000000000000000000e+00,0.000000000000000000e+00,0.000000000000000000e+00,0.000000000000000000e+00,2.000000000000000111e-01,2.000000000000000389e-01,2.000000000000000111e-01,2.000000000000000111e-01,0.000000000000000000e+00,2.000000000000000111e-01,2.000000000000000111e-01,2.000000000000000111e-01,2.000000000000000111e-01,2.000000000000000111e-01,0.000000000000000000e+00,0.000000000000000000e+00,2.000000000000000111e-01,0.000000000000000000e+00
2.000000000000000111e-01,0.000000000000000000e+00,2.000000000000000111e-01,4.000000000000000222e-01,0.000000000000000000e+00,0.000000000000000000e+00,0.000000000000000000e+00,0.000000000000000000e+00,2.000000000000000111e-01,0.000000000000000000e+00,2.000000000000000111e-01,2.000000000000000111e-01,0.000000000000000000e+00,0.000000000000000000e+00,2.000000000000000111e-01,0.000000000000000000e+00,0.000000000000000000e+00,0.000000000000000000e+00,0.000000000000000000e+00,0.000000000000000000e+00,5.999999999999999778e-01,2.000000000000000389e-01,0.000000000000000000e+00,2.000000000000000111e-01,0.000000000000000000e+00,0.000000000000000000e+00,2.000000000000000111e-01,5.999999999999999778e-01,0.000000000000000000e+00,2.000000000000000111e-01,0.000000000000000000e+00,0.000000000000000000e+00,0.000000000000000000e+00,0.000000000000000000e+00,0.000000000000000000e+00,0.000000000000000000e+00,2.000000000000000111e-01,2.000000000000000111e-01,0.000000000000000000e+00,2.000000000000000111e-01,0.000000000000000000e+00,2.000000000000000111e-01,0.000000000000000000e+00,0.000000000000000000e+00,2.000000000000000111e-01,2.000000000000000111e-01,2.000000000000000111e-01,0.000000000000000000e+00,0.000000000000000000e+00,0.000000000000000000e+00,2.000000000000000111e-01,4.000000000000000222e-01,2.000000000000000111e-01,0.000000000000000000e+00,0.000000000000000000e+00,0.000000000000000000e+00,2.000000000000000111e-01,0.000000000000000000e+00,4.000000000000000222e-01,0.000000000000000000e+00,2.000000000000000111e-01,4.000000000000000222e-01,0.000000000000000000e+00,0.000000000000000000e+00,0.000000000000000000e+00,2.000000000000000111e-01,0.000000000000000000e+00,0.000000000000000000e+00,0.000000000000000000e+00,0.000000000000000000e+00,2.000000000000000111e-01,0.000000000000000000e+00
2.000000000000000111e-01,0.000000000000000000e+00,0.000000000000000000e+00,2.000000000000000111e-01,0.000000000000000000e+00,0.000000000000000000e+00,0.000000000000000000e+00,0.000000000000000000e+00,0.000000000000000000e+00,0.000000000000000000e+00,0.000000000000000000e+00,0.000000000000000000e+00,0.000000000000000000e+00,0.000000000000000000e+00,0.000000000000000000e+00,0.000000000000000000e+00,0.000000000000000000e+00,0.000000000000000000e+00,0.000000000000000000e+00,0.000000000000000000e+00,2.000000000000000111e-01,0.000000000000000000e+00,0.000000000000000000e+00,0.000000000000000000e+00,0.000000000000000000e+00,0.000000000000000000e+00,0.000000000000000000e+00,2.000000000000000111e-01,0.000000000000000000e+00,0.000000000000000000e+00,0.000000000000000000e+00,0.000000000000000000e+00,0.000000000000000000e+00,0.000000000000000000e+00,0.000000000000000000e+00,0.000000000000000000e+00,0.000000000000000000e+00,0.000000000000000000e+00,0.000000000000000000e+00,0.000000000000000000e+00,0.000000000000000000e+00,0.000000000000000000e+00,0.000000000000000000e+00,0.000000000000000000e+00,0.000000000000000000e+00,0.000000000000000000e+00,0.000000000000000000e+00,0.000000000000000000e+00,0.000000000000000000e+00,0.000000000000000000e+00,0.000000000000000000e+00,0.000000000000000000e+00,0.000000000000000000e+00,0.000000000000000000e+00,0.000000000000000000e+00,0.000000000000000000e+00,0.000000000000000000e+00,0.000000000000000000e+00,0.000000000000000000e+00,0.000000000000000000e+00,0.000000000000000000e+00,0.000000000000000000e+00,0.000000000000000000e+00,0.000000000000000000e+00,0.000000000000000000e+00,0.000000000000000000e+00,0.000000000000000000e+00,0.000000000000000000e+00,0.000000000000000000e+00,0.000000000000000000e+00,0.000000000000000000e+00,0.000000000000000000e+00
0.000000000000000000e+00,0.000000000000000000e+00,0.000000000000000000e+00,0.000000000000000000e+00,0.000000000000000000e+00,0.000000000000000000e+00,0.000000000000000000e+00,0.000000000000000000e+00,0.000000000000000000e+00,0.000000000000000000e+00,0.000000000000000000e+00,0.000000000000000000e+00,0.000000000000000000e+00,0.000000000000000000e+00,0.000000000000000000e+00,0.000000000000000000e+00,0.000000000000000000e+00,2.000000000000000111e-01,0.000000000000000000e+00,0.000000000000000000e+00,0.000000000000000000e+00,4.000000000000000777e-01,0.000000000000000000e+00,1.199999999999999956e+00,8.000000000000000444e-01,2.000000000000000111e-01,0.000000000000000000e+00,0.000000000000000000e+00,0.000000000000000000e+00,0.000000000000000000e+00,0.000000000000000000e+00,0.000000000000000000e+00,0.000000000000000000e+00,0.000000000000000000e+00,0.000000000000000000e+00,5.999999999999999778e-01,0.000000000000000000e+00,0.000000000000000000e+00,4.000000000000000222e-01,0.000000000000000000e+00,0.000000000000000000e+00,0.000000000000000000e+00,5.999999999999999778e-01,0.000000000000000000e+00,0.000000000000000000e+00,0.000000000000000000e+00,0.000000000000000000e+00,2.000000000000000111e-01,0.000000000000000000e+00,0.000000000000000000e+00,0.000000000000000000e+00,0.000000000000000000e+00,0.000000000000000000e+00,0.000000000000000000e+00,0.000000000000000000e+00,0.000000000000000000e+00,0.000000000000000000e+00,0.000000000000000000e+00,0.000000000000000000e+00,0.000000000000000000e+00,0.000000000000000000e+00,0.000000000000000000e+00,0.000000000000000000e+00,0.000000000000000000e+00,0.000000000000000000e+00,0.000000000000000000e+00,0.000000000000000000e+00,0.000000000000000000e+00,7.799999999999999822e+00,0.000000000000000000e+00,0.000000000000000000e+00,0.000000000000000000e+00
2.000000000000000111e-01,0.000000000000000000e+00,4.000000000000000222e-01,0.000000000000000000e+00,0.000000000000000000e+00,0.000000000000000000e+00,0.000000000000000000e+00,0.000000000000000000e+00,0.000000000000000000e+00,0.000000000000000000e+00,0.000000000000000000e+00,0.000000000000000000e+00,0.000000000000000000e+00,0.000000000000000000e+00,0.000000000000000000e+00,0.000000000000000000e+00,0.000000000000000000e+00,4.000000000000000222e-01,0.000000000000000000e+00,0.000000000000000000e+00,0.000000000000000000e+00,2.000000000000000389e-01,0.000000000000000000e+00,1.399999999999999911e+00,5.999999999999999778e-01,0.000000000000000000e+00,4.000000000000000222e-01,0.000000000000000000e+00,0.000000000000000000e+00,2.000000000000000111e-01,0.000000000000000000e+00,0.000000000000000000e+00,0.000000000000000000e+00,0.000000000000000000e+00,0.000000000000000000e+00,8.000000000000001554e-01,0.000000000000000000e+00,0.000000000000000000e+00,5.999999999999999778e-01,0.000000000000000000e+00,5.999999999999999778e-01,0.000000000000000000e+00,4.000000000000000222e-01,0.000000000000000000e+00,2.000000000000000111e-01,0.000000000000000000e+00,0.000000000000000000e+00,0.000000000000000000e+00,0.000000000000000000e+00,0.000000000000000000e+00,0.000000000000000000e+00,0.000000000000000000e+00,5.999999999999999778e-01,0.000000000000000000e+00,2.000000000000000389e-01,0.000000000000000000e+00,0.000000000000000000e+00,0.000000000000000000e+00,0.000000000000000000e+00,0.000000000000000000e+00,0.000000000000000000e+00,4.000000000000000222e-01,2.000000000000000111e-01,0.000000000000000000e+00,0.000000000000000000e+00,1.600000000000000089e+00,0.000000000000000000e+00,1.399999999999999911e+00,0.000000000000000000e+00,0.000000000000000000e+00,5.999999999999999778e-01,0.000000000000000000e+00
0.000000000000000000e+00,0.000000000000000000e+00,0.000000000000000000e+00,0.000000000000000000e+00,0.000000000000000000e+00,2.000000000000000111e-01,0.000000000000000000e+00,0.000000000000000000e+00,0.000000000000000000e+00,0.000000000000000000e+00,0.000000000000000000e+00,0.000000000000000000e+00,0.000000000000000000e+00,0.000000000000000000e+00,0.000000000000000000e+00,0.000000000000000000e+00,0.000000000000000000e+00,0.000000000000000000e+00,0.000000000000000000e+00,0.000000000000000000e+00,5.999999999999999778e-01,2.000000000000000389e-01,0.000000000000000000e+00,2.000000000000000111e-01,0.000000000000000000e+00,2.000000000000000111e-01,0.000000000000000000e+00,5.999999999999999778e-01,0.000000000000000000e+00,5.999999999999999778e-01,0.000000000000000000e+00,0.000000000000000000e+00,0.000000000000000000e+00,0.000000000000000000e+00,0.000000000000000000e+00,0.000000000000000000e+00,0.000000000000000000e+00,0.000000000000000000e+00,0.000000000000000000e+00,0.000000000000000000e+00,0.000000000000000000e+00,0.000000000000000000e+00,0.000000000000000000e+00,0.000000000000000000e+00,1.000000000000000000e+00,0.000000000000000000e+00,0.000000000000000000e+00,5.999999999999999778e-01,0.000000000000000000e+00,0.000000000000000000e+00,5.999999999999999778e-01,1.000000000000000000e+00,0.000000000000000000e+00,0.000000000000000000e+00,0.000000000000000000e+00,0.000000000000000000e+00,0.000000000000000000e+00,2.000000000000000111e-01,0.000000000000000000e+00,0.000000000000000000e+00,0.000000000000000000e+00,4.000000000000000222e-01,0.000000000000000000e+00,0.000000000000000000e+00,0.000000000000000000e+00,0.000000000000000000e+00,0.000000000000000000e+00,0.000000000000000000e+00,0.000000000000000000e+00,0.000000000000000000e+00,0.000000000000000000e+00,0.000000000000000000e+00
0.000000000000000000e+00,0.000000000000000000e+00,2.000000000000000111e-01,1.399999999999999911e+00,0.000000000000000000e+00,0.000000000000000000e+00,0.000000000000000000e+00,0.000000000000000000e+00,0.000000000000000000e+00,0.000000000000000000e+00,0.000000000000000000e+00,2.000000000000000111e-01,0.000000000000000000e+00,0.000000000000000000e+00,0.000000000000000000e+00,0.000000000000000000e+00,0.000000000000000000e+00,2.000000000000000111e-01,0.000000000000000000e+00,0.000000000000000000e+00,3.000000000000000000e+00,3.200000000000000622e+00,0.000000000000000000e+00,1.600000000000000089e+00,1.399999999999999911e+00,1.399999999999999911e+00,1.800000000000000044e+00,3.000000000000000000e+00,0.000000000000000000e+00,1.600000000000000089e+00,0.000000000000000000e+00,0.000000000000000000e+00,5.999999999999999778e-01,0.000000000000000000e+00,0.000000000000000000e+00,0.000000000000000000e+00,0.000000000000000000e+00,0.000000000000000000e+00,0.000000000000000000e+00,0.000000000000000000e+00,0.000000000000000000e+00,0.000000000000000000e+00,0.000000000000000000e+00,0.000000000000000000e+00,3.000000000000000000e+00,0.000000000000000000e+00,0.000000000000000000e+00,5.999999999999999778e-01,2.000000000000000111e-01,0.000000000000000000e+00,2.799999999999999822e+00,2.600000000000000089e+00,0.000000000000000000e+00,0.000000000000000000e+00,0.000000000000000000e+00,0.000000000000000000e+00,0.000000000000000000e+00,8.000000000000000444e-01,1.399999999999999911e+00,0.000000000000000000e+00,0.000000000000000000e+00,1.000000000000000000e+00,0.000000000000000000e+00,0.000000000000000000e+00,0.000000000000000000e+00,0.000000000000000000e+00,0.000000000000000000e+00,0.000000000000000000e+00,0.000000000000000000e+00,0.000000000000000000e+00,0.000000000000000000e+00,0.000000000000000000e+00
0.000000000000000000e+00,6.799999999999999822e+00,0.000000000000000000e+00,1.459999999999999964e+01,0.000000000000000000e+00,2.000000000000000111e-01,2.000000000000000111e-01,0.000000000000000000e+00,0.000000000000000000e+00,0.000000000000000000e+00,0.000000000000000000e+00,4.000000000000000222e-01,0.000000000000000000e+00,0.000000000000000000e+00,1.000000000000000000e+00,1.600000000000000000e+01,0.000000000000000000e+00,1.399999999999999911e+00,0.000000000000000000e+00,1.600000000000000000e+01,2.300000000000000000e+01,1.259999999999999964e+01,5.200000000000000178e+00,1.600000000000000089e+00,2.799999999999999822e+00,4.200000000000000178e+00,4.400000000000000355e+00,2.300000000000000000e+01,0.000000000000000000e+00,6.000000000000000000e+00,0.000000000000000000e+00,5.200000000000000178e+00,4.000000000000000000e+00,2.000000000000000111e-01,0.000000000000000000e+00,5.599999999999999645e+00,5.999999999999999778e-01,0.000000000000000000e+00,1.159999999999999964e+01,0.000000000000000000e+00,8.000000000000000000e+00,2.000000000000000111e-01,0.000000000000000000e+00,1.319999999999999929e+01,1.219999999999999929e+01,5.999999999999999778e-01,0.000000000000000000e+00,9.199999999999999289e+00,5.999999999999999778e-01,0.000000000000000000e+00,2.000000000000000000e+01,1.600000000000000000e+01,2.000000000000000111e-01,0.000000000000000000e+00,5.999999999999999778e-01,0.000000000000000000e+00,0.000000000000000000e+00,1.200000000000000000e+01,8.199999999999997513e+00,0.000000000000000000e+00,2.799999999999999822e+00,2.360000000000000142e+01,5.200000000000000178e+00,0.000000000000000000e+00,0.000000000000000000e+00,2.200000000000000178e+00,0.000000000000000000e+00,1.800000000000000266e+00,0.000000000000000000e+00,0.000000000000000000e+00,2.000000000000000111e-01,5.999999999999999778e-01
0.000000000000000000e+00,5.200000000000000178e+00,5.999999999999999778e-01,3.600000000000000089e+00,1.380000000000000071e+01,9.400000000000000355e+00,1.319999999999999929e+01,0.000000000000000000e+00,4.599999999999999645e+00,0.000000000000000000e+00,4.599999999999999645e+00,1.000000000000000000e+01,8.000000000000000444e-01,0.000000000000000000e+00,5.799999999999999822e+00,2.000000000000000111e-01,2.000000000000000000e+00,5.999999999999999778e-01,2.000000000000000111e-01,2.000000000000000111e-01,5.999999999999999778e-01,2.000000000000000389e-01,5.400000000000000355e+00,1.600000000000000089e+00,2.200000000000000178e+00,8.000000000000000444e-01,1.800000000000000044e+00,5.999999999999999778e-01,2.200000000000000178e+00,2.200000000000000178e+00,1.800000000000000044e+00,5.400000000000000355e+00,0.000000000000000000e+00,1.800000000000000044e+00,9.500000000000000000e+01,4.799999999999999822e+00,4.799999999999999822e+00,6.400000000000000355e+00,1.600000000000000089e+00,5.000000000000000000e+00,1.119999999999999929e+01,7.400000000000000355e+00,9.599999999999999645e+00,0.000000000000000000e+00,6.400000000000000355e+00,4.799999999999999822e+00,6.400000000000000355e+00,4.599999999999999645e+00,0.000000000000000000e+00,1.080000000000000071e+01,1.000000000000000000e+00,2.600000000000000089e+00,2.000000000000000111e-01,3.720000000000000284e+01,2.300000000000000000e+01,3.000000000000000000e+00,3.260000000000000142e+01,2.799999999999999822e+00,4.799999999999999822e+00,2.300000000000000000e+01,8.400000000000000355e+00,8.000000000000000444e-01,8.199999999999997513e+00,4.599999999999999645e+00,1.080000000000000071e+01,4.000000000000000222e-01,4.799999999999999822e+00,0.000000000000000000e+00,3.000000000000000000e+00,9.800000000000000711e+00,2.000000000000000111e-01,3.700000000000000000e+01
1.919999999999999929e+01,0.000000000000000000e+00,2.000000000000000111e-01,0.000000000000000000e+00,2.000000000000000111e-01,0.000000000000000000e+00,2.000000000000000111e-01,0.000000000000000000e+00,0.000000000000000000e+00,0.000000000000000000e+00,0.000000000000000000e+00,0.000000000000000000e+00,0.000000000000000000e+00,0.000000000000000000e+00,2.000000000000000111e-01,0.000000000000000000e+00,0.000000000000000000e+00,0.000000000000000000e+00,0.000000000000000000e+00,0.000000000000000000e+00,0.000000000000000000e+00,0.000000000000000000e+00,0.000000000000000000e+00,0.000000000000000000e+00,0.000000000000000000e+00,0.000000000000000000e+00,0.000000000000000000e+00,0.000000000000000000e+00,2.000000000000000111e-01,0.000000000000000000e+00,0.000000000000000000e+00,0.000000000000000000e+00,0.000000000000000000e+00,0.000000000000000000e+00,0.000000000000000000e+00,0.000000000000000000e+00,0.000000000000000000e+00,0.000000000000000000e+00,0.000000000000000000e+00,0.000000000000000000e+00,0.000000000000000000e+00,0.000000000000000000e+00,2.000000000000000111e-01,0.000000000000000000e+00,0.000000000000000000e+00,0.000000000000000000e+00,0.000000000000000000e+00,0.000000000000000000e+00,0.000000000000000000e+00,0.000000000000000000e+00,0.000000000000000000e+00,0.000000000000000000e+00,0.000000000000000000e+00,4.000000000000000222e-01,0.000000000000000000e+00,0.000000000000000000e+00,0.000000000000000000e+00,0.000000000000000000e+00,0.000000000000000000e+00,0.000000000000000000e+00,0.000000000000000000e+00,0.000000000000000000e+00,0.000000000000000000e+00,0.000000000000000000e+00,0.000000000000000000e+00,0.000000000000000000e+00,2.000000000000000111e-01,0.000000000000000000e+00,1.800000000000000044e+00,0.000000000000000000e+00,0.000000000000000000e+00,0.000000000000000000e+00
5.999999999999999778e-01,0.000000000000000000e+00,0.000000000000000000e+00,1.600000000000000089e+00,0.000000000000000000e+00,1.199999999999999956e+00,1.800000000000000044e+00,0.000000000000000000e+00,0.000000000000000000e+00,0.000000000000000000e+00,0.000000000000000000e+00,2.200000000000000178e+00,0.000000000000000000e+00,0.000000000000000000e+00,8.599999999999997868e+00,4.799999999999999822e+00,0.000000000000000000e+00,4.400000000000000355e+00,0.000000000000000000e+00,4.799999999999999822e+00,1.199999999999999956e+00,3.400000000000000355e+00,0.000000000000000000e+00,3.799999999999999822e+00,4.599999999999999645e+00,1.800000000000000044e+00,2.000000000000000000e+00,1.199999999999999956e+00,0.000000000000000000e+00,3.600000000000000089e+00,0.000000000000000000e+00,0.000000000000000000e+00,2.000000000000000111e-01,0.000000000000000000e+00,0.000000000000000000e+00,0.000000000000000000e+00,1.600000000000000089e+00,0.000000000000000000e+00,0.000000000000000000e+00,0.000000000000000000e+00,0.000000000000000000e+00,2.000000000000000000e+00,0.000000000000000000e+00,1.000000000000000000e+00,6.400000000000000355e+00,1.600000000000000089e+00,0.000000000000000000e+00,2.000000000000000000e+00,0.000000000000000000e+00,4.799999999999999822e+00,5.999999999999999778e-01,2.600000000000000089e+00,0.000000000000000000e+00,0.000000000000000000e+00,8.599999999999997868e+00,2.000000000000000111e-01,0.000000000000000000e+00,2.000000000000000111e-01,2.600000000000000089e+00,0.000000000000000000e+00,6.000000000000000000e+00,1.399999999999999911e+00,0.000000000000000000e+00,4.000000000000000222e-01,4.799999999999999822e+00,0.000000000000000000e+00,0.000000000000000000e+00,0.000000000000000000e+00,0.000000000000000000e+00,2.000000000000000111e-01,0.000000000000000000e+00,1.000000000000000000e+00
5.999999999999999778e-01,0.000000000000000000e+00,0.000000000000000000e+00,1.399999999999999911e+00,2.000000000000000111e-01,3.799999999999999822e+00,2.000000000000000111e-01,0.000000000000000000e+00,0.000000000000000000e+00,0.000000000000000000e+00,0.000000000000000000e+00,0.000000000000000000e+00,0.000000000000000000e+00,0.000000000000000000e+00,1.719999999999999929e+01,2.200000000000000178e+00,0.000000000000000000e+00,1.800000000000000044e+00,0.000000000000000000e+00,2.200000000000000178e+00,3.400000000000000355e+00,1.799999999999999822e+00,0.000000000000000000e+00,4.000000000000000222e-01,8.000000000000000444e-01,2.000000000000000000e+00,3.000000000000000000e+00,3.399999999999999911e+00,0.000000000000000000e+00,1.800000000000000044e+00,1.000000000000000000e+00,0.000000000000000000e+00,4.000000000000000222e-01,1.600000000000000089e+00,8.000000000000000444e-01,0.000000000000000000e+00,0.000000000000000000e+00,0.000000000000000000e+00,4.000000000000000222e-01,0.000000000000000000e+00,1.800000000000000044e+00,2.000000000000000111e-01,2.000000000000000111e-01,4.000000000000000222e-01,6.000000000000000000e+00,0.000000000000000000e+00,0.000000000000000000e+00,4.599999999999999645e+00,4.000000000000000000e+00,0.000000000000000000e+00,3.000000000000000000e+00,4.000000000000000000e+00,0.000000000000000000e+00,2.000000000000000111e-01,5.999999999999999778e-01,0.000000000000000000e+00,4.000000000000000222e-01,1.000000000000000000e+00,1.399999999999999911e+00,1.199999999999999956e+00,2.000000000000000111e-01,7.000000000000000000e+00,0.000000000000000000e+00,0.000000000000000000e+00,0.000000000000000000e+00,0.000000000000000000e+00,0.000000000000000000e+00,0.000000000000000000e+00,0.000000000000000000e+00,0.000000000000000000e+00,0.000000000000000000e+00,0.000000000000000000e+00
2.000000000000000111e-01,0.000000000000000000e+00,0.000000000000000000e+00,2.000000000000000111e-01,2.600000000000000089e+00,4.200000000000000178e+00,0.000000000000000000e+00,1.000000000000000000e+00,0.000000000000000000e+00,1.000000000000000000e+00,0.000000000000000000e+00,0.000000000000000000e+00,5.999999999999999778e-01,0.000000000000000000e+00,0.000000000000000000e+00,0.000000000000000000e+00,0.000000000000000000e+00,0.000000000000000000e+00,2.000000000000000111e-01,0.000000000000000000e+00,5.999999999999999778e-01,1.000000000000000000e+00,2.000000000000000111e-01,0.000000000000000000e+00,0.000000000000000000e+00,2.000000000000000111e-01,4.000000000000000222e-01,5.999999999999999778e-01,0.000000000000000000e+00,0.000000000000000000e+00,1.800000000000000044e+00,2.000000000000000111e-01,0.000000000000000000e+00,8.000000000000000444e-01,2.399999999999999911e+00,2.000000000000000000e+00,0.000000000000000000e+00,0.000000000000000000e+00,0.000000000000000000e+00,0.000000000000000000e+00,8.000000000000000444e-01,0.000000000000000000e+00,0.000000000000000000e+00,0.000000000000000000e+00,2.000000000000000111e-01,0.000000000000000000e+00,0.000000000000000000e+00,2.000000000000000111e-01,0.000000000000000000e+00,0.000000000000000000e+00,4.000000000000000222e-01,5.999999999999999778e-01,8.000000000000000444e-01,5.999999999999999778e-01,0.000000000000000000e+00,2.000000000000000111e-01,1.399999999999999911e+00,5.999999999999999778e-01,0.000000000000000000e+00,0.000000000000000000e+00,2.000000000000000111e-01,2.000000000000000111e-01,4.000000000000000222e-01,4.000000000000000222e-01,0.000000000000000000e+00,3.600000000000000089e+00,1.399999999999999822e+01,3.200000000000000178e+00,6.799999999999999822e+00,8.000000000000000444e-01,8.000000000000000444e-01,0.000000000000000000e+00
0.000000000000000000e+00,0.000000000000000000e+00,0.000000000000000000e+00,2.000000000000000111e-01,0.000000000000000000e+00,0.000000000000000000e+00,0.000000000000000000e+00,0.000000000000000000e+00,0.000000000000000000e+00,0.000000000000000000e+00,0.000000000000000000e+00,0.000000000000000000e+00,0.000000000000000000e+00,0.000000000000000000e+00,0.000000000000000000e+00,0.000000000000000000e+00,0.000000000000000000e+00,0.000000000000000000e+00,0.000000000000000000e+00,0.000000000000000000e+00,0.000000000000000000e+00,0.000000000000000000e+00,0.000000000000000000e+00,0.000000000000000000e+00,0.000000000000000000e+00,0.000000000000000000e+00,2.000000000000000111e-01,0.000000000000000000e+00,0.000000000000000000e+00,0.000000000000000000e+00,8.000000000000000444e-01,0.000000000000000000e+00,0.000000000000000000e+00,2.399999999999999911e+00,0.000000000000000000e+00,0.000000000000000000e+00,2.000000000000000111e-01,1.600000000000000089e+00,0.000000000000000000e+00,0.000000000000000000e+00,0.000000000000000000e+00,0.000000000000000000e+00,0.000000000000000000e+00,0.000000000000000000e+00,0.000000000000000000e+00,2.000000000000000111e-01,1.600000000000000089e+00,0.000000000000000000e+00,0.000000000000000000e+00,0.000000000000000000e+00,0.000000000000000000e+00,0.000000000000000000e+00,0.000000000000000000e+00,0.000000000000000000e+00,0.000000000000000000e+00,0.000000000000000000e+00,0.000000000000000000e+00,0.000000000000000000e+00,2.000000000000000111e-01,0.000000000000000000e+00,4.000000000000000222e-01,0.000000000000000000e+00,0.000000000000000000e+00,0.000000000000000000e+00,0.000000000000000000e+00,5.999999999999999778e-01,0.000000000000000000e+00,1.000000000000000000e+00,0.000000000000000000e+00,0.000000000000000000e+00,0.000000000000000000e+00,0.000000000000000000e+00
2.000000000000000111e-01,0.000000000000000000e+00,0.000000000000000000e+00,0.000000000000000000e+00,0.000000000000000000e+00,0.000000000000000000e+00,0.000000000000000000e+00,0.000000000000000000e+00,0.000000000000000000e+00,0.000000000000000000e+00,0.000000000000000000e+00,0.000000000000000000e+00,0.000000000000000000e+00,0.000000000000000000e+00,0.000000000000000000e+00,2.000000000000000111e-01,0.000000000000000000e+00,1.000000000000000000e+00,1.800000000000000044e+00,2.000000000000000111e-01,0.000000000000000000e+00,4.000000000000000777e-01,0.000000000000000000e+00,4.000000000000000222e-01,4.000000000000000222e-01,0.000000000000000000e+00,0.000000000000000000e+00,0.000000000000000000e+00,0.000000000000000000e+00,8.000000000000000444e-01,0.000000000000000000e+00,0.000000000000000000e+00,4.000000000000000222e-01,3.600000000000000089e+00,0.000000000000000000e+00,2.600000000000000089e+00,4.000000000000000222e-01,0.000000000000000000e+00,1.799999999999999822e+00,0.000000000000000000e+00,0.000000000000000000e+00,2.000000000000000111e-01,0.000000000000000000e+00,0.000000000000000000e+00,4.000000000000000222e-01,4.000000000000000222e-01,0.000000000000000000e+00,0.000000000000000000e+00,0.000000000000000000e+00,5.999999999999999778e-01,0.000000000000000000e+00,0.000000000000000000e+00,0.000000000000000000e+00,0.000000000000000000e+00,0.000000000000000000e+00,0.000000000000000000e+00,0.000000000000000000e+00,0.000000000000000000e+00,2.000000000000000111e-01,0.000000000000000000e+00,8.000000000000000444e-01,0.000000000000000000e+00,0.000000000000000000e+00,0.000000000000000000e+00,5.999999999999999778e-01,1.000000000000000000e+00,0.000000000000000000e+00,0.000000000000000000e+00,0.000000000000000000e+00,1.880000000000000071e+01,0.000000000000000000e+00,1.999999999999999833e-01
0.000000000000000000e+00,0.000000000000000000e+00,0.000000000000000000e+00,0.000000000000000000e+00,0.000000000000000000e+00,0.000000000000000000e+00,0.000000000000000000e+00,0.000000000000000000e+00,0.000000000000000000e+00,0.000000000000000000e+00,0.000000000000000000e+00,0.000000000000000000e+00,0.000000000000000000e+00,0.000000000000000000e+00,0.000000000000000000e+00,1.199999999999999956e+00,0.000000000000000000e+00,0.000000000000000000e+00,0.000000000000000000e+00,1.199999999999999956e+00,6.400000000000000355e+00,0.000000000000000000e+00,0.000000000000000000e+00,0.000000000000000000e+00,0.000000000000000000e+00,0.000000000000000000e+00,0.000000000000000000e+00,6.400000000000000355e+00,0.000000000000000000e+00,0.000000000000000000e+00,0.000000000000000000e+00,0.000000000000000000e+00,0.000000000000000000e+00,0.000000000000000000e+00,0.000000000000000000e+00,0.000000000000000000e+00,0.000000000000000000e+00,0.000000000000000000e+00,0.000000000000000000e+00,0.000000000000000000e+00,0.000000000000000000e+00,0.000000000000000000e+00,1.800000000000000000e+01,0.000000000000000000e+00,0.000000000000000000e+00,0.000000000000000000e+00,0.000000000000000000e+00,0.000000000000000000e+00,0.000000000000000000e+00,0.000000000000000000e+00,0.000000000000000000e+00,1.180000000000000071e+01,0.000000000000000000e+00,0.000000000000000000e+00,0.000000000000000000e+00,5.999999999999999778e-01,0.000000000000000000e+00,0.000000000000000000e+00,0.000000000000000000e+00,0.000000000000000000e+00,0.000000000000000000e+00,0.000000000000000000e+00,8.000000000000000444e-01,0.000000000000000000e+00,0.000000000000000000e+00,0.000000000000000000e+00,0.000000000000000000e+00,0.000000000000000000e+00,0.000000000000000000e+00,2.000000000000000111e-01,0.000000000000000000e+00,0.000000000000000000e+00
0.000000000000000000e+00,0.000000000000000000e+00,0.000000000000000000e+00,0.000000000000000000e+00,0.000000000000000000e+00,0.000000000000000000e+00,0.000000000000000000e+00,0.000000000000000000e+00,4.000000000000000222e-01,0.000000000000000000e+00,4.000000000000000222e-01,0.000000000000000000e+00,0.000000000000000000e+00,0.000000000000000000e+00,0.000000000000000000e+00,8.000000000000000444e-01,1.199999999999999956e+00,3.760000000000000142e+01,0.000000000000000000e+00,8.000000000000000444e-01,0.000000000000000000e+00,4.799999999999999822e+00,1.199999999999999956e+00,5.400000000000000355e+00,2.360000000000000142e+01,0.000000000000000000e+00,0.000000000000000000e+00,0.000000000000000000e+00,0.000000000000000000e+00,2.799999999999999822e+00,1.860000000000000142e+01,1.199999999999999956e+00,2.000000000000000111e-01,2.600000000000000089e+00,2.339999999999999858e+01,0.000000000000000000e+00,0.000000000000000000e+00,0.000000000000000000e+00,2.000000000000000111e-01,4.000000000000000222e-01,7.599999999999998757e+00,0.000000000000000000e+00,1.459999999999999964e+01,0.000000000000000000e+00,2.000000000000000111e-01,0.000000000000000000e+00,0.000000000000000000e+00,2.000000000000000111e-01,2.000000000000000111e-01,0.000000000000000000e+00,0.000000000000000000e+00,0.000000000000000000e+00,0.000000000000000000e+00,0.000000000000000000e+00,3.260000000000000142e+01,0.000000000000000000e+00,7.599999999999998757e+00,0.000000000000000000e+00,0.000000000000000000e+00,0.000000000000000000e+00,1.219999999999999929e+01,1.199999999999999956e+00,9.599999999999999645e+00,0.000000000000000000e+00,0.000000000000000000e+00,0.000000000000000000e+00,4.000000000000000222e-01,0.000000000000000000e+00,2.000000000000000111e-01,1.000000000000000000e+00,0.000000000000000000e+00,2.019999999999999929e+01
4.400000000000000355e+00,0.000000000000000000e+00,0.000000000000000000e+00,0.000000000000000000e+00,0.000000000000000000e+00,0.000000000000000000e+00,0.000000000000000000e+00,0.000000000000000000e+00,0.000000000000000000e+00,0.000000000000000000e+00,0.000000000000000000e+00,0.000000000000000000e+00,0.000000000000000000e+00,0.000000000000000000e+00,0.000000000000000000e+00,0.000000000000000000e+00,0.000000000000000000e+00,0.000000000000000000e+00,0.000000000000000000e+00,0.000000000000000000e+00,0.000000000000000000e+00,0.000000000000000000e+00,2.000000000000000111e-01,0.000000000000000000e+00,0.000000000000000000e+00,0.000000000000000000e+00,0.000000000000000000e+00,0.000000000000000000e+00,0.000000000000000000e+00,0.000000000000000000e+00,0.000000000000000000e+00,2.000000000000000111e-01,0.000000000000000000e+00,0.000000000000000000e+00,2.000000000000000111e-01,0.000000000000000000e+00,0.000000000000000000e+00,0.000000000000000000e+00,0.000000000000000000e+00,0.000000000000000000e+00,0.000000000000000000e+00,0.000000000000000000e+00,0.000000000000000000e+00,0.000000000000000000e+00,0.000000000000000000e+00,0.000000000000000000e+00,0.000000000000000000e+00,0.000000000000000000e+00,0.000000000000000000e+00,0.000000000000000000e+00,0.000000000000000000e+00,0.000000000000000000e+00,0.000000000000000000e+00,0.000000000000000000e+00,2.000000000000000389e-01,0.000000000000000000e+00,2.000000000000000111e-01,0.000000000000000000e+00,0.000000000000000000e+00,0.000000000000000000e+00,0.000000000000000000e+00,0.000000000000000000e+00,0.000000000000000000e+00,0.000000000000000000e+00,0.000000000000000000e+00,0.000000000000000000e+00,0.000000000000000000e+00,0.000000000000000000e+00,2.000000000000000111e-01,2.000000000000000111e-01,0.000000000000000000e+00,0.000000000000000000e+00
0.000000000000000000e+00,0.000000000000000000e+00,0.000000000000000000e+00,0.000000000000000000e+00,0.000000000000000000e+00,0.000000000000000000e+00,0.000000000000000000e+00,0.000000000000000000e+00,0.000000000000000000e+00,0.000000000000000000e+00,0.000000000000000000e+00,0.000000000000000000e+00,0.000000000000000000e+00,0.000000000000000000e+00,0.000000000000000000e+00,0.000000000000000000e+00,0.000000000000000000e+00,0.000000000000000000e+00,0.000000000000000000e+00,0.000000000000000000e+00,0.000000000000000000e+00,0.000000000000000000e+00,0.000000000000000000e+00,0.000000000000000000e+00,0.000000000000000000e+00,0.000000000000000000e+00,0.000000000000000000e+00,0.000000000000000000e+00,0.000000000000000000e+00,0.000000000000000000e+00,0.000000000000000000e+00,0.000000000000000000e+00,0.000000000000000000e+00,0.000000000000000000e+00,0.000000000000000000e+00,0.000000000000000000e+00,0.000000000000000000e+00,0.000000000000000000e+00,0.000000000000000000e+00,0.000000000000000000e+00,0.000000000000000000e+00,0.000000000000000000e+00,0.000000000000000000e+00,0.000000000000000000e+00,0.000000000000000000e+00,0.000000000000000000e+00,0.000000000000000000e+00,0.000000000000000000e+00,0.000000000000000000e+00,0.000000000000000000e+00,0.000000000000000000e+00,0.000000000000000000e+00,0.000000000000000000e+00,0.000000000000000000e+00,0.000000000000000000e+00,0.000000000000000000e+00,0.000000000000000000e+00,0.000000000000000000e+00,0.000000000000000000e+00,0.000000000000000000e+00,0.000000000000000000e+00,0.000000000000000000e+00,0.000000000000000000e+00,0.000000000000000000e+00,0.000000000000000000e+00,0.000000000000000000e+00,0.000000000000000000e+00,0.000000000000000000e+00,0.000000000000000000e+00,0.000000000000000000e+00,0.000000000000000000e+00,0.000000000000000000e+00
0.000000000000000000e+00,0.000000000000000000e+00,0.000000000000000000e+00,2.000000000000000111e-01,0.000000000000000000e+00,0.000000000000000000e+00,0.000000000000000000e+00,0.000000000000000000e+00,0.000000000000000000e+00,0.000000000000000000e+00,0.000000000000000000e+00,0.000000000000000000e+00,0.000000000000000000e+00,0.000000000000000000e+00,2.000000000000000111e-01,1.019999999999999929e+01,0.000000000000000000e+00,0.000000000000000000e+00,0.000000000000000000e+00,1.019999999999999929e+01,0.000000000000000000e+00,2.000000000000000000e+00,0.000000000000000000e+00,0.000000000000000000e+00,0.000000000000000000e+00,4.000000000000000222e-01,4.000000000000000222e-01,0.000000000000000000e+00,0.000000000000000000e+00,0.000000000000000000e+00,0.000000000000000000e+00,0.000000000000000000e+00,0.000000000000000000e+00,0.000000000000000000e+00,0.000000000000000000e+00,0.000000000000000000e+00,0.000000000000000000e+00,0.000000000000000000e+00,0.000000000000000000e+00,0.000000000000000000e+00,0.000000000000000000e+00,0.000000000000000000e+00,0.000000000000000000e+00,8.000000000000000444e-01,2.000000000000000111e-01,0.000000000000000000e+00,0.000000000000000000e+00,0.000000000000000000e+00,0.000000000000000000e+00,0.000000000000000000e+00,0.000000000000000000e+00,0.000000000000000000e+00,0.000000000000000000e+00,0.000000000000000000e+00,0.000000000000000000e+00,0.000000000000000000e+00,0.000000000000000000e+00,0.000000000000000000e+00,4.000000000000000222e-01,0.000000000000000000e+00,0.000000000000000000e+00,0.000000000000000000e+00,0.000000000000000000e+00,0.000000000000000000e+00,0.000000000000000000e+00,0.000000000000000000e+00,0.000000000000000000e+00,0.000000000000000000e+00,0.000000000000000000e+00,0.000000000000000000e+00,0.000000000000000000e+00,0.000000000000000000e+00
5.999999999999999778e-01,0.000000000000000000e+00,0.000000000000000000e+00,0.000000000000000000e+00,0.000000000000000000e+00,0.000000000000000000e+00,0.000000000000000000e+00,0.000000000000000000e+00,0.000000000000000000e+00,0.000000000000000000e+00,0.000000000000000000e+00,0.000000000000000000e+00,0.000000000000000000e+00,0.000000000000000000e+00,2.000000000000000111e-01,0.000000000000000000e+00,0.000000000000000000e+00,0.000000000000000000e+00,0.000000000000000000e+00,0.000000000000000000e+00,2.000000000000000111e-01,2.000000000000000389e-01,0.000000000000000000e+00,0.000000000000000000e+00,0.000000000000000000e+00,0.000000000000000000e+00,2.000000000000000111e-01,2.000000000000000111e-01,0.000000000000000000e+00,0.000000000000000000e+00,0.000000000000000000e+00,0.000000000000000000e+00,4.000000000000000222e-01,0.000000000000000000e+00,0.000000000000000000e+00,0.000000000000000000e+00,0.000000000000000000e+00,0.000000000000000000e+00,0.000000000000000000e+00,0.000000000000000000e+00,0.000000000000000000e+00,0.000000000000000000e+00,0.000000000000000000e+00,0.000000000000000000e+00,0.000000000000000000e+00,0.000000000000000000e+00,0.000000000000000000e+00,0.000000000000000000e+00,0.000000000000000000e+00,0.000000000000000000e+00,0.000000000000000000e+00,0.000000000000000000e+00,0.000000000000000000e+00,0.000000000000000000e+00,0.000000000000000000e+00,0.000000000000000000e+00,0.000000000000000000e+00,0.000000000000000000e+00,2.000000000000000111e-01,0.000000000000000000e+00,0.000000000000000000e+00,0.000000000000000000e+00,0.000000000000000000e+00,0.000000000000000000e+00,0.000000000000000000e+00,0.000000000000000000e+00,0.000000000000000000e+00,2.000000000000000111e-01,0.000000000000000000e+00,0.000000000000000000e+00,0.000000000000000000e+00,0.000000000000000000e+00
5.999999999999999778e-01,3.199999999999999734e+00,0.000000000000000000e+00,1.540000000000000036e+01,0.000000000000000000e+00,4.100000000000000000e+01,4.200000000000000178e+00,8.000000000000000444e-01,0.000000000000000000e+00,8.000000000000000444e-01,0.000000000000000000e+00,1.240000000000000036e+01,0.000000000000000000e+00,0.000000000000000000e+00,5.599999999999999645e+00,9.800000000000000711e+00,2.000000000000000111e-01,9.400000000000000355e+00,0.000000000000000000e+00,9.800000000000000711e+00,7.000000000000000000e+00,5.599999999999999645e+00,6.000000000000000000e+00,3.600000000000000089e+00,6.400000000000000355e+00,1.140000000000000036e+01,1.380000000000000071e+01,7.000000000000000000e+00,0.000000000000000000e+00,1.500000000000000000e+01,0.000000000000000000e+00,5.999999999999999112e+00,5.799999999999999822e+00,1.219999999999999929e+01,9.599999999999999645e+00,5.999999999999999778e-01,1.240000000000000036e+01,0.000000000000000000e+00,1.799999999999999822e+00,0.000000000000000000e+00,0.000000000000000000e+00,1.140000000000000036e+01,6.599999999999999645e+00,4.000000000000000000e+00,3.720000000000000284e+01,1.240000000000000036e+01,0.000000000000000000e+00,4.799999999999999822e+00,3.799999999999999822e+00,2.080000000000000071e+01,6.400000000000000355e+00,2.139999999999999858e+01,2.000000000000000111e-01,0.000000000000000000e+00,4.060000000000000142e+01,9.000000000000000000e+00,1.619999999999999929e+01,4.799999999999999822e+00,1.980000000000000071e+01,2.000000000000000389e-01,2.119999999999999929e+01,5.400000000000000355e+00,0.000000000000000000e+00,4.200000000000000178e+00,2.080000000000000071e+01,0.000000000000000000e+00,0.000000000000000000e+00,0.000000000000000000e+00,0.000000000000000000e+00,4.599999999999999645e+00,2.000000000000000111e-01,6.399999999999999467e+00
0.000000000000000000e+00,0.000000000000000000e+00,2.399999999999999911e+00,0.000000000000000000e+00,3.600000000000000089e+00,1.600000000000000000e+01,3.799999999999999822e+00,0.000000000000000000e+00,0.000000000000000000e+00,0.000000000000000000e+00,0.000000000000000000e+00,5.200000000000000178e+00,0.000000000000000000e+00,0.000000000000000000e+00,4.000000000000000222e-01,0.000000000000000000e+00,1.199999999999999956e+00,8.000000000000000444e-01,0.000000000000000000e+00,0.000000000000000000e+00,2.000000000000000000e+00,2.000000000000000389e-01,0.000000000000000000e+00,2.000000000000000111e-01,5.999999999999999778e-01,0.000000000000000000e+00,0.000000000000000000e+00,2.000000000000000000e+00,2.200000000000000178e+00,8.000000000000000444e-01,2.200000000000000178e+00,0.000000000000000000e+00,0.000000000000000000e+00,0.000000000000000000e+00,0.000000000000000000e+00,0.000000000000000000e+00,1.399999999999999911e+00,1.800000000000000044e+00,0.000000000000000000e+00,0.000000000000000000e+00,0.000000000000000000e+00,3.200000000000000178e+00,2.200000000000000178e+00,0.000000000000000000e+00,4.000000000000000222e-01,1.399999999999999911e+00,1.799999999999999822e+00,4.000000000000000222e-01,5.679999999999999716e+01,5.200000000000000178e+00,4.000000000000000222e-01,1.800000000000000044e+00,2.000000000000000111e-01,1.799999999999999822e+00,6.200000000000000178e+00,1.440000000000000036e+01,0.000000000000000000e+00,0.000000000000000000e+00,0.000000000000000000e+00,2.200000000000000178e+00,3.799999999999999822e+00,0.000000000000000000e+00,2.000000000000000111e-01,4.000000000000000000e+00,5.200000000000000178e+00,4.000000000000000222e-01,3.200000000000000178e+00,2.000000000000000111e-01,0.000000000000000000e+00,2.399999999999999911e+00,2.000000000000000111e-01,0.000000000000000000e+00
1.100000000000000000e+01,0.000000000000000000e+00,4.000000000000000222e-01,0.000000000000000000e+00,1.399999999999999911e+00,2.399999999999999911e+00,4.000000000000000222e-01,0.000000000000000000e+00,0.000000000000000000e+00,0.000000000000000000e+00,0.000000000000000000e+00,8.000000000000000444e-01,0.000000000000000000e+00,0.000000000000000000e+00,2.200000000000000178e+00,4.000000000000000222e-01,0.000000000000000000e+00,1.399999999999999911e+00,5.999999999999999778e-01,4.000000000000000222e-01,0.000000000000000000e+00,2.000000000000000389e-01,0.000000000000000000e+00,1.199999999999999956e+00,2.000000000000000111e-01,4.000000000000000222e-01,2.000000000000000111e-01,0.000000000000000000e+00,2.000000000000000111e-01,8.000000000000000444e-01,1.600000000000000089e+00,0.000000000000000000e+00,4.000000000000000222e-01,0.000000000000000000e+00,8.000000000000000444e-01,0.000000000000000000e+00,0.000000000000000000e+00,8.000000000000000444e-01,0.000000000000000000e+00,0.000000000000000000e+00,0.000000000000000000e+00,2.000000000000000111e-01,3.000000000000000000e+00,0.000000000000000000e+00,2.000000000000000000e+00,0.000000000000000000e+00,8.000000000000000444e-01,1.399999999999999911e+00,1.800000000000000044e+00,0.000000000000000000e+00,0.000000000000000000e+00,0.000000000000000000e+00,0.000000000000000000e+00,0.000000000000000000e+00,4.000000000000000777e-01,1.199999999999999956e+00,4.000000000000000222e-01,0.000000000000000000e+00,0.000000000000000000e+00,1.399999999999999911e+00,2.000000000000000111e-01,0.000000000000000000e+00,0.000000000000000000e+00,5.999999999999999778e-01,0.000000000000000000e+00,0.000000000000000000e+00,0.000000000000000000e+00,0.000000000000000000e+00,3.399999999999999911e+00,1.000000000000000000e+00,0.000000000000000000e+00,1.999999999999999833e-01
0.000000000000000000e+00,5.999999999999999778e-01,0.000000000000000000e+00,0.000000000000000000e+00,2.000000000000000111e-01,8.000000000000000444e-01,0.000000000000000000e+00,2.399999999999999911e+00,2.000000000000000111e-01,2.399999999999999911e+00,2.000000000000000111e-01,0.000000000000000000e+00,8.000000000000000444e-01,0.000000000000000000e+00,0.000000000000000000e+00,1.199999999999999956e+00,1.399999999999999911e+00,4.000000000000000222e-01,1.800000000000000044e+00,1.199999999999999956e+00,0.000000000000000000e+00,4.000000000000000777e-01,0.000000000000000000e+00,0.000000000000000000e+00,0.000000000000000000e+00,0.000000000000000000e+00,2.000000000000000111e-01,0.000000000000000000e+00,4.000000000000000222e-01,0.000000000000000000e+00,2.000000000000000111e-01,0.000000000000000000e+00,0.000000000000000000e+00,0.000000000000000000e+00,0.000000000000000000e+00,2.799999999999999822e+00,0.000000000000000000e+00,1.199999999999999956e+00,2.000000000000000000e+00,2.000000000000000111e-01,0.000000000000000000e+00,0.000000000000000000e+00,2.000000000000000111e-01,0.000000000000000000e+00,0.000000000000000000e+00,0.000000000000000000e+00,1.199999999999999956e+00,0.000000000000000000e+00,0.000000000000000000e+00,0.000000000000000000e+00,0.000000000000000000e+00,0.000000000000000000e+00,0.000000000000000000e+00,0.000000000000000000e+00,2.000000000000000389e-01,0.000000000000000000e+00,1.399999999999999911e+00,0.000000000000000000e+00,0.000000000000000000e+00,8.000000000000001554e-01,0.000000000000000000e+00,0.000000000000000000e+00,0.000000000000000000e+00,0.000000000000000000e+00,0.000000000000000000e+00,1.000000000000000000e+00,1.199999999999999956e+00,1.199999999999999956e+00,2.000000000000000111e-01,2.000000000000000111e-01,0.000000000000000000e+00,0.000000000000000000e+00
0.000000000000000000e+00,1.999999999999999833e-01,4.000000000000000222e-01,0.000000000000000000e+00,0.000000000000000000e+00,9.800000000000000711e+00,0.000000000000000000e+00,2.000000000000000111e-01,4.000000000000000222e-01,2.000000000000000111e-01,4.000000000000000222e-01,0.000000000000000000e+00,1.399999999999999911e+00,0.000000000000000000e+00,2.000000000000000111e-01,0.000000000000000000e+00,2.000000000000000111e-01,2.000000000000000111e-01,1.199999999999999956e+00,0.000000000000000000e+00,2.000000000000000111e-01,4.000000000000000777e-01,0.000000000000000000e+00,0.000000000000000000e+00,0.000000000000000000e+00,0.000000000000000000e+00,0.000000000000000000e+00,2.000000000000000111e-01,4.000000000000000222e-01,2.000000000000000111e-01,2.200000000000000178e+00,0.000000000000000000e+00,2.000000000000000111e-01,1.600000000000000089e+00,3.600000000000000089e+00,2.600000000000000089e+00,0.000000000000000000e+00,0.000000000000000000e+00,1.000000000000000000e+00,0.000000000000000000e+00,1.399999999999999911e+00,2.000000000000000111e-01,4.000000000000000222e-01,0.000000000000000000e+00,2.000000000000000111e-01,0.000000000000000000e+00,0.000000000000000000e+00,2.000000000000000111e-01,0.000000000000000000e+00,0.000000000000000000e+00,4.000000000000000222e-01,0.000000000000000000e+00,1.199999999999999956e+00,1.799999999999999822e+00,0.000000000000000000e+00,0.000000000000000000e+00,4.000000000000000222e-01,4.000000000000000222e-01,0.000000000000000000e+00,2.000000000000000389e-01,0.000000000000000000e+00,2.000000000000000111e-01,2.000000000000000000e+00,0.000000000000000000e+00,0.000000000000000000e+00,1.600000000000000089e+00,1.199999999999999956e+00,8.000000000000000444e-01,1.800000000000000044e+00,2.200000000000000178e+00,1.199999999999999956e+00,0.000000000000000000e+00
4.000000000000000222e-01,0.000000000000000000e+00,0.000000000000000000e+00,0.000000000000000000e+00,0.000000000000000000e+00,0.000000000000000000e+00,0.000000000000000000e+00,0.000000000000000000e+00,0.000000000000000000e+00,0.000000000000000000e+00,0.000000000000000000e+00,0.000000000000000000e+00,0.000000000000000000e+00,0.000000000000000000e+00,2.000000000000000111e-01,0.000000000000000000e+00,0.000000000000000000e+00,0.000000000000000000e+00,0.000000000000000000e+00,0.000000000000000000e+00,0.000000000000000000e+00,0.000000000000000000e+00,0.000000000000000000e+00,0.000000000000000000e+00,0.000000000000000000e+00,0.000000000000000000e+00,0.000000000000000000e+00,0.000000000000000000e+00,0.000000000000000000e+00,0.000000000000000000e+00,0.000000000000000000e+00,0.000000000000000000e+00,0.000000000000000000e+00,2.000000000000000111e-01,5.999999999999999778e-01,0.000000000000000000e+00,0.000000000000000000e+00,0.000000000000000000e+00,0.000000000000000000e+00,0.000000000000000000e+00,0.000000000000000000e+00,0.000000000000000000e+00,0.000000000000000000e+00,0.000000000000000000e+00,0.000000000000000000e+00,0.000000000000000000e+00,0.000000000000000000e+00,0.000000000000000000e+00,0.000000000000000000e+00,0.000000000000000000e+00,0.000000000000000000e+00,0.000000000000000000e+00,0.000000000000000000e+00,0.000000000000000000e+00,0.000000000000000000e+00,0.000000000000000000e+00,0.000000000000000000e+00,2.000000000000000111e-01,0.000000000000000000e+00,0.000000000000000000e+00,0.000000000000000000e+00,0.000000000000000000e+00,0.000000000000000000e+00,0.000000000000000000e+00,0.000000000000000000e+00,0.000000000000000000e+00,0.000000000000000000e+00,0.000000000000000000e+00,0.000000000000000000e+00,0.000000000000000000e+00,0.000000000000000000e+00,0.000000000000000000e+00
2.000000000000000000e+00,3.199999999999999734e+00,8.800000000000000711e+00,2.019999999999999929e+01,8.000000000000000444e-01,3.600000000000000089e+00,1.199999999999999956e+00,2.200000000000000178e+00,3.000000000000000000e+00,2.200000000000000178e+00,3.000000000000000000e+00,0.000000000000000000e+00,0.000000000000000000e+00,0.000000000000000000e+00,2.839999999999999858e+01,6.200000000000000178e+00,2.600000000000000089e+00,6.400000000000000355e+00,2.000000000000000000e+00,6.200000000000000178e+00,3.220000000000000284e+01,1.180000000000000071e+01,2.600000000000000089e+00,1.100000000000000000e+01,1.219999999999999929e+01,1.660000000000000142e+01,2.560000000000000142e+01,3.220000000000000284e+01,0.000000000000000000e+00,2.280000000000000071e+01,3.200000000000000178e+00,2.600000000000000089e+00,2.200000000000000000e+01,6.000000000000000000e+00,5.400000000000000355e+00,2.799999999999999822e+00,2.200000000000000178e+00,1.519999999999999929e+01,4.000000000000000000e+00,3.399999999999999911e+00,4.000000000000000000e+00,2.799999999999999822e+00,3.399999999999999911e+00,7.400000000000000355e+00,2.780000000000000071e+01,2.200000000000000178e+00,1.519999999999999929e+01,2.260000000000000142e+01,0.000000000000000000e+00,3.399999999999999911e+00,1.600000000000000000e+01,3.600000000000000000e+01,2.119999999999999929e+01,3.279999999999999716e+01,8.400000000000000355e+00,6.200000000000000178e+00,1.240000000000000036e+01,1.600000000000000000e+01,2.460000000000000142e+01,0.000000000000000000e+00,6.799999999999999822e+00,1.400000000000000000e+01,4.799999999999999822e+00,6.200000000000000178e+00,3.399999999999999911e+00,5.799999999999999822e+00,8.000000000000000000e+00,5.799999999999999822e+00,2.000000000000000111e-01,4.000000000000000222e-01,2.119999999999999929e+01,1.399999999999999911e+00
9.599999999999999645e+00,2.880000000000000071e+01,2.739999999999999858e+01,0.000000000000000000e+00,1.700000000000000000e+01,2.300000000000000000e+01,4.799999999999999822e+00,1.579999999999999893e+01,2.019999999999999929e+01,1.580000000000000071e+01,2.019999999999999929e+01,3.460000000000000142e+01,7.740000000000000568e+01,0.000000000000000000e+00,0.000000000000000000e+00,1.600000000000000089e+00,1.700000000000000000e+01,1.399999999999999911e+00,2.180000000000000071e+01,1.600000000000000089e+00,0.000000000000000000e+00,1.799999999999999822e+00,1.819999999999999929e+01,1.399999999999999911e+00,1.800000000000000044e+00,0.000000000000000000e+00,0.000000000000000000e+00,0.000000000000000000e+00,3.460000000000000142e+01,3.000000000000000000e+00,1.380000000000000071e+01,1.819999999999999929e+01,1.600000000000000089e+00,2.039999999999999858e+01,2.139999999999999858e+01,9.599999999999999645e+00,5.400000000000000355e+00,3.119999999999999929e+01,1.600000000000000000e+01,2.119999999999999929e+01,2.860000000000000142e+01,3.400000000000000355e+00,3.279999999999999716e+01,1.600000000000000089e+00,1.000000000000000000e+00,5.400000000000000355e+00,3.119999999999999929e+01,2.000000000000000111e-01,1.280000000000000071e+01,4.400000000000000355e+00,0.000000000000000000e+00,0.000000000000000000e+00,7.259999999999998010e+01,1.480000000000000249e+01,1.600000000000000311e+00,2.439999999999999858e+01,2.560000000000000142e+01,0.000000000000000000e+00,0.000000000000000000e+00,3.839999999999999858e+01,1.199999999999999956e+00,0.000000000000000000e+00,2.919999999999999929e+01,2.719999999999999929e+01,4.400000000000000355e+00,3.760000000000000142e+01,1.680000000000000071e+01,3.560000000000000142e+01,2.239999999999999858e+01,2.319999999999999929e+01,7.259999999999998010e+01,6.800000000000000711e+00
4.000000000000000222e-01,0.000000000000000000e+00,0.000000000000000000e+00,0.000000000000000000e+00,4.000000000000000222e-01,0.000000000000000000e+00,0.000000000000000000e+00,0.000000000000000000e+00,0.000000000000000000e+00,0.000000000000000000e+00,0.000000000000000000e+00,0.000000000000000000e+00,0.000000000000000000e+00,0.000000000000000000e+00,2.000000000000000111e-01,0.000000000000000000e+00,0.000000000000000000e+00,0.000000000000000000e+00,2.000000000000000111e-01,0.000000000000000000e+00,8.000000000000000444e-01,2.000000000000000389e-01,0.000000000000000000e+00,2.000000000000000111e-01,0.000000000000000000e+00,0.000000000000000000e+00,0.000000000000000000e+00,8.000000000000000444e-01,2.000000000000000111e-01,2.000000000000000111e-01,1.819999999999999929e+01,0.000000000000000000e+00,0.000000000000000000e+00,0.000000000000000000e+00,0.000000000000000000e+00,0.000000000000000000e+00,0.000000000000000000e+00,0.000000000000000000e+00,2.000000000000000111e-01,0.000000000000000000e+00,0.000000000000000000e+00,2.000000000000000111e-01,0.000000000000000000e+00,0.000000000000000000e+00,0.000000000000000000e+00,0.000000000000000000e+00,0.000000000000000000e+00,0.000000000000000000e+00,0.000000000000000000e+00,0.000000000000000000e+00,4.000000000000000222e-01,8.000000000000000444e-01,0.000000000000000000e+00,0.000000000000000000e+00,0.000000000000000000e+00,2.000000000000000111e-01,0.000000000000000000e+00,0.000000000000000000e+00,0.000000000000000000e+00,0.000000000000000000e+00,0.000000000000000000e+00,0.000000000000000000e+00,0.000000000000000000e+00,2.000000000000000111e-01,0.000000000000000000e+00,0.000000000000000000e+00,0.000000000000000000e+00,0.000000000000000000e+00,2.000000000000000111e-01,0.000000000000000000e+00,0.000000000000000000e+00,0.000000000000000000e+00
0.000000000000000000e+00,0.000000000000000000e+00,0.000000000000000000e+00,0.000000000000000000e+00,0.000000000000000000e+00,0.000000000000000000e+00,0.000000000000000000e+00,0.000000000000000000e+00,0.000000000000000000e+00,0.000000000000000000e+00,0.000000000000000000e+00,0.000000000000000000e+00,0.000000000000000000e+00,0.000000000000000000e+00,0.000000000000000000e+00,0.000000000000000000e+00,0.000000000000000000e+00,0.000000000000000000e+00,0.000000000000000000e+00,0.000000000000000000e+00,0.000000000000000000e+00,0.000000000000000000e+00,0.000000000000000000e+00,0.000000000000000000e+00,0.000000000000000000e+00,0.000000000000000000e+00,0.000000000000000000e+00,0.000000000000000000e+00,0.000000000000000000e+00,0.000000000000000000e+00,0.000000000000000000e+00,0.000000000000000000e+00,2.000000000000000111e-01,0.000000000000000000e+00,0.000000000000000000e+00,0.000000000000000000e+00,0.000000000000000000e+00,0.000000000000000000e+00,2.000000000000000111e-01,0.000000000000000000e+00,0.000000000000000000e+00,0.000000000000000000e+00,0.000000000000000000e+00,0.000000000000000000e+00,0.000000000000000000e+00,0.000000000000000000e+00,0.000000000000000000e+00,0.000000000000000000e+00,0.000000000000000000e+00,0.000000000000000000e+00,0.000000000000000000e+00,0.000000000000000000e+00,0.000000000000000000e+00,2.000000000000000111e-01,0.000000000000000000e+00,0.000000000000000000e+00,0.000000000000000000e+00,0.000000000000000000e+00,0.000000000000000000e+00,0.000000000000000000e+00,0.000000000000000000e+00,0.000000000000000000e+00,0.000000000000000000e+00,0.000000000000000000e+00,0.000000000000000000e+00,0.000000000000000000e+00,0.000000000000000000e+00,0.000000000000000000e+00,0.000000000000000000e+00,0.000000000000000000e+00,0.000000000000000000e+00,0.000000000000000000e+00
1.480000000000000249e+01,0.000000000000000000e+00,2.000000000000000111e-01,0.000000000000000000e+00,0.000000000000000000e+00,0.000000000000000000e+00,0.000000000000000000e+00,0.000000000000000000e+00,0.000000000000000000e+00,0.000000000000000000e+00,0.000000000000000000e+00,0.000000000000000000e+00,0.000000000000000000e+00,0.000000000000000000e+00,0.000000000000000000e+00,8.199999999999997513e+00,0.000000000000000000e+00,0.000000000000000000e+00,0.000000000000000000e+00,8.199999999999997513e+00,0.000000000000000000e+00,0.000000000000000000e+00,0.000000000000000000e+00,0.000000000000000000e+00,0.000000000000000000e+00,0.000000000000000000e+00,0.000000000000000000e+00,0.000000000000000000e+00,0.000000000000000000e+00,0.000000000000000000e+00,0.000000000000000000e+00,0.000000000000000000e+00,0.000000000000000000e+00,0.000000000000000000e+00,0.000000000000000000e+00,0.000000000000000000e+00,0.000000000000000000e+00,0.000000000000000000e+00,2.000000000000000111e-01,0.000000000000000000e+00,0.000000000000000000e+00,0.000000000000000000e+00,0.000000000000000000e+00,1.839999999999999858e+01,0.000000000000000000e+00,0.000000000000000000e+00,0.000000000000000000e+00,0.000000000000000000e+00,0.000000000000000000e+00,0.000000000000000000e+00,2.000000000000000111e-01,0.000000000000000000e+00,0.000000000000000000e+00,0.000000000000000000e+00,0.000000000000000000e+00,0.000000000000000000e+00,0.000000000000000000e+00,0.000000000000000000e+00,0.000000000000000000e+00,0.000000000000000000e+00,0.000000000000000000e+00,5.999999999999999778e-01,0.000000000000000000e+00,0.000000000000000000e+00,0.000000000000000000e+00,0.000000000000000000e+00,0.000000000000000000e+00,0.000000000000000000e+00,7.799999999999999822e+00,0.000000000000000000e+00,0.000000000000000000e+00,1.999999999999999833e-01
2.000000000000000111e-01,3.999999999999999667e-01,0.000000000000000000e+00,0.000000000000000000e+00,4.000000000000000222e-01,2.000000000000000111e-01,0.000000000000000000e+00,0.000000000000000000e+00,8.000000000000000444e-01,0.000000000000000000e+00,8.000000000000000444e-01,0.000000000000000000e+00,0.000000000000000000e+00,0.000000000000000000e+00,0.000000000000000000e+00,2.000000000000000000e+00,0.000000000000000000e+00,4.000000000000000222e-01,0.000000000000000000e+00,2.000000000000000000e+00,2.000000000000000111e-01,0.000000000000000000e+00,1.799999999999999822e+00,0.000000000000000000e+00,0.000000000000000000e+00,4.000000000000000222e-01,4.000000000000000222e-01,2.000000000000000111e-01,0.000000000000000000e+00,4.000000000000000222e-01,2.380000000000000071e+01,1.800000000000000044e+00,1.800000000000000044e+00,1.540000000000000213e+01,7.000000000000000000e+00,4.400000000000000355e+00,0.000000000000000000e+00,0.000000000000000000e+00,0.000000000000000000e+00,5.999999999999999778e-01,6.400000000000000355e+00,0.000000000000000000e+00,0.000000000000000000e+00,2.000000000000000111e-01,2.000000000000000111e-01,0.000000000000000000e+00,0.000000000000000000e+00,4.000000000000000222e-01,0.000000000000000000e+00,0.000000000000000000e+00,0.000000000000000000e+00,0.000000000000000000e+00,0.000000000000000000e+00,0.000000000000000000e+00,0.000000000000000000e+00,2.000000000000000111e-01,3.679999999999999716e+01,0.000000000000000000e+00,0.000000000000000000e+00,2.000000000000000389e-01,0.000000000000000000e+00,8.000000000000000444e-01,5.000000000000000000e+00,4.000000000000000000e+00,0.000000000000000000e+00,0.000000000000000000e+00,9.199999999999999289e+00,0.000000000000000000e+00,0.000000000000000000e+00,0.000000000000000000e+00,0.000000000000000000e+00,0.000000000000000000e+00
9.400000000000000355e+00,1.999999999999999833e-01,0.000000000000000000e+00,1.000000000000000000e+00,4.000000000000000222e-01,1.960000000000000142e+01,8.000000000000000444e-01,6.000000000000000000e+00,2.000000000000000111e-01,6.000000000000000000e+00,2.000000000000000111e-01,2.799999999999999822e+00,0.000000000000000000e+00,0.000000000000000000e+00,1.480000000000000071e+01,2.439999999999999858e+01,2.000000000000000111e-01,1.399999999999999911e+00,4.400000000000000355e+00,2.439999999999999858e+01,1.739999999999999503e+01,1.000000000000000000e+01,0.000000000000000000e+00,4.000000000000000222e-01,1.000000000000000000e+00,5.599999999999999645e+00,7.599999999999998757e+00,1.739999999999999503e+01,0.000000000000000000e+00,1.800000000000000044e+00,7.400000000000000355e+00,0.000000000000000000e+00,5.200000000000000178e+00,2.399999999999999911e+00,1.000000000000000000e+00,1.580000000000000071e+01,0.000000000000000000e+00,2.000000000000000111e-01,0.000000000000000000e+00,4.000000000000000222e-01,5.799999999999999822e+00,8.000000000000000444e-01,0.000000000000000000e+00,1.259999999999999964e+01,9.800000000000000711e+00,0.000000000000000000e+00,2.000000000000000111e-01,4.799999999999999822e+00,0.000000000000000000e+00,2.000000000000000111e-01,1.140000000000000036e+01,1.300000000000000000e+01,0.000000000000000000e+00,0.000000000000000000e+00,3.799999999999999822e+00,2.000000000000000000e+00,2.200000000000000178e+00,8.800000000000000711e+00,0.000000000000000000e+00,0.000000000000000000e+00,3.600000000000000089e+00,1.240000000000000036e+01,2.200000000000000178e+00,3.399999999999999911e+00,2.000000000000000111e-01,0.000000000000000000e+00,0.000000000000000000e+00,0.000000000000000000e+00,8.199999999999997513e+00,7.000000000000000000e+00,0.000000000000000000e+00,1.000000000000000000e+01
2.000000000000000111e-01,0.000000000000000000e+00,2.200000000000000178e+00,0.000000000000000000e+00,8.000000000000000444e-01,8.599999999999997868e+00,1.199999999999999956e+00,0.000000000000000000e+00,0.000000000000000000e+00,0.000000000000000000e+00,0.000000000000000000e+00,2.399999999999999911e+00,0.000000000000000000e+00,0.000000000000000000e+00,0.000000000000000000e+00,0.000000000000000000e+00,5.999999999999999778e-01,0.000000000000000000e+00,2.000000000000000111e-01,0.000000000000000000e+00,0.000000000000000000e+00,0.000000000000000000e+00,0.000000000000000000e+00,0.000000000000000000e+00,0.000000000000000000e+00,0.000000000000000000e+00,0.000000000000000000e+00,0.000000000000000000e+00,0.000000000000000000e+00,0.000000000000000000e+00,7.200000000000000178e+00,0.000000000000000000e+00,0.000000000000000000e+00,0.000000000000000000e+00,4.400000000000000355e+00,0.000000000000000000e+00,0.000000000000000000e+00,2.000000000000000111e-01,0.000000000000000000e+00,0.000000000000000000e+00,0.000000000000000000e+00,2.000000000000000111e-01,2.000000000000000111e-01,0.000000000000000000e+00,0.000000000000000000e+00,0.000000000000000000e+00,2.000000000000000111e-01,0.000000000000000000e+00,1.600000000000000089e+00,5.999999999999999778e-01,0.000000000000000000e+00,0.000000000000000000e+00,0.000000000000000000e+00,0.000000000000000000e+00,2.000000000000000389e-01,1.280000000000000071e+01,0.000000000000000000e+00,0.000000000000000000e+00,0.000000000000000000e+00,0.000000000000000000e+00,5.999999999999999778e-01,0.000000000000000000e+00,0.000000000000000000e+00,8.000000000000000000e+00,5.999999999999999778e-01,5.999999999999999778e-01,4.000000000000000222e-01,8.000000000000000444e-01,1.340000000000000036e+01,2.399999999999999911e+00,0.000000000000000000e+00,1.999999999999999833e-01
2.000000000000000000e+00,0.000000000000000000e+00,8.000000000000000444e-01,0.000000000000000000e+00,8.000000000000000444e-01,8.000000000000000444e-01,4.000000000000000222e-01,0.000000000000000000e+00,0.000000000000000000e+00,0.000000000000000000e+00,0.000000000000000000e+00,2.000000000000000111e-01,2.600000000000000089e+00,0.000000000000000000e+00,4.000000000000000222e-01,0.000000000000000000e+00,0.000000000000000000e+00,0.000000000000000000e+00,0.000000000000000000e+00,0.000000000000000000e+00,0.000000000000000000e+00,0.000000000000000000e+00,0.000000000000000000e+00,0.000000000000000000e+00,0.000000000000000000e+00,0.000000000000000000e+00,0.000000000000000000e+00,0.000000000000000000e+00,4.000000000000000222e-01,0.000000000000000000e+00,1.000000000000000000e+00,0.000000000000000000e+00,0.000000000000000000e+00,0.000000000000000000e+00,4.000000000000000222e-01,0.000000000000000000e+00,0.000000000000000000e+00,2.000000000000000111e-01,0.000000000000000000e+00,0.000000000000000000e+00,0.000000000000000000e+00,0.000000000000000000e+00,3.399999999999999911e+00,0.000000000000000000e+00,0.000000000000000000e+00,0.000000000000000000e+00,2.000000000000000111e-01,0.000000000000000000e+00,0.000000000000000000e+00,0.000000000000000000e+00,0.000000000000000000e+00,0.000000000000000000e+00,2.000000000000000111e-01,2.399999999999999911e+00,0.000000000000000000e+00,8.000000000000000444e-01,0.000000000000000000e+00,0.000000000000000000e+00,0.000000000000000000e+00,2.200000000000000178e+00,0.000000000000000000e+00,0.000000000000000000e+00,0.000000000000000000e+00,2.600000000000000089e+00,0.000000000000000000e+00,2.000000000000000111e-01,2.000000000000000111e-01,5.999999999999999778e-01,1.199999999999999956e+00,2.000000000000000111e-01,2.000000000000000111e-01,0.000000000000000000e+00
0.000000000000000000e+00,0.000000000000000000e+00,0.000000000000000000e+00,0.000000000000000000e+00,0.000000000000000000e+00,0.000000000000000000e+00,0.000000000000000000e+00,0.000000000000000000e+00,0.000000000000000000e+00,0.000000000000000000e+00,0.000000000000000000e+00,0.000000000000000000e+00,0.000000000000000000e+00,0.000000000000000000e+00,0.000000000000000000e+00,4.000000000000000222e-01,0.000000000000000000e+00,0.000000000000000000e+00,0.000000000000000000e+00,4.000000000000000222e-01,0.000000000000000000e+00,0.000000000000000000e+00,0.000000000000000000e+00,1.199999999999999956e+00,0.000000000000000000e+00,0.000000000000000000e+00,0.000000000000000000e+00,0.000000000000000000e+00,0.000000000000000000e+00,8.000000000000000444e-01,0.000000000000000000e+00,0.000000000000000000e+00,0.000000000000000000e+00,0.000000000000000000e+00,0.000000000000000000e+00,0.000000000000000000e+00,0.000000000000000000e+00,0.000000000000000000e+00,0.000000000000000000e+00,0.000000000000000000e+00,0.000000000000000000e+00,0.000000000000000000e+00,2.000000000000000111e-01,0.000000000000000000e+00,0.000000000000000000e+00,0.000000000000000000e+00,0.000000000000000000e+00,1.600000000000000089e+00,0.000000000000000000e+00,0.000000000000000000e+00,0.000000000000000000e+00,0.000000000000000000e+00,0.000000000000000000e+00,0.000000000000000000e+00,0.000000000000000000e+00,0.000000000000000000e+00,0.000000000000000000e+00,0.000000000000000000e+00,0.000000000000000000e+00,0.000000000000000000e+00,0.000000000000000000e+00,0.000000000000000000e+00,0.000000000000000000e+00,0.000000000000000000e+00,0.000000000000000000e+00,0.000000000000000000e+00,0.000000000000000000e+00,0.000000000000000000e+00,0.000000000000000000e+00,0.000000000000000000e+00,0.000000000000000000e+00,0.000000000000000000e+00
1.199999999999999956e+00,0.000000000000000000e+00,0.000000000000000000e+00,0.000000000000000000e+00,0.000000000000000000e+00,0.000000000000000000e+00,0.000000000000000000e+00,0.000000000000000000e+00,0.000000000000000000e+00,0.000000000000000000e+00,0.000000000000000000e+00,0.000000000000000000e+00,0.000000000000000000e+00,0.000000000000000000e+00,0.000000000000000000e+00,0.000000000000000000e+00,0.000000000000000000e+00,0.000000000000000000e+00,0.000000000000000000e+00,0.000000000000000000e+00,2.000000000000000111e-01,1.000000000000000000e+00,0.000000000000000000e+00,0.000000000000000000e+00,2.000000000000000111e-01,5.999999999999999778e-01,4.000000000000000222e-01,2.000000000000000111e-01,0.000000000000000000e+00,2.000000000000000111e-01,0.000000000000000000e+00,0.000000000000000000e+00,0.000000000000000000e+00,0.000000000000000000e+00,2.000000000000000111e-01,0.000000000000000000e+00,0.000000000000000000e+00,0.000000000000000000e+00,0.000000000000000000e+00,0.000000000000000000e+00,0.000000000000000000e+00,0.000000000000000000e+00,0.000000000000000000e+00,0.000000000000000000e+00,2.000000000000000111e-01,0.000000000000000000e+00,0.000000000000000000e+00,4.000000000000000222e-01,0.000000000000000000e+00,0.000000000000000000e+00,0.000000000000000000e+00,0.000000000000000000e+00,0.000000000000000000e+00,0.000000000000000000e+00,0.000000000000000000e+00,0.000000000000000000e+00,0.000000000000000000e+00,0.000000000000000000e+00,0.000000000000000000e+00,0.000000000000000000e+00,0.000000000000000000e+00,0.000000000000000000e+00,0.000000000000000000e+00,0.000000000000000000e+00,0.000000000000000000e+00,0.000000000000000000e+00,0.000000000000000000e+00,0.000000000000000000e+00,0.000000000000000000e+00,0.000000000000000000e+00,0.000000000000000000e+00,1.000000000000000000e+00
1.399999999999999911e+00,0.000000000000000000e+00,0.000000000000000000e+00,0.000000000000000000e+00,0.000000000000000000e+00,0.000000000000000000e+00,0.000000000000000000e+00,0.000000000000000000e+00,0.000000000000000000e+00,0.000000000000000000e+00,0.000000000000000000e+00,0.000000000000000000e+00,0.000000000000000000e+00,0.000000000000000000e+00,0.000000000000000000e+00,0.000000000000000000e+00,0.000000000000000000e+00,0.000000000000000000e+00,0.000000000000000000e+00,0.000000000000000000e+00,0.000000000000000000e+00,0.000000000000000000e+00,0.000000000000000000e+00,0.000000000000000000e+00,2.000000000000000111e-01,0.000000000000000000e+00,0.000000000000000000e+00,0.000000000000000000e+00,0.000000000000000000e+00,0.000000000000000000e+00,0.000000000000000000e+00,0.000000000000000000e+00,0.000000000000000000e+00,0.000000000000000000e+00,0.000000000000000000e+00,0.000000000000000000e+00,0.000000000000000000e+00,0.000000000000000000e+00,0.000000000000000000e+00,0.000000000000000000e+00,0.000000000000000000e+00,0.000000000000000000e+00,0.000000000000000000e+00,0.000000000000000000e+00,0.000000000000000000e+00,0.000000000000000000e+00,0.000000000000000000e+00,0.000000000000000000e+00,0.000000000000000000e+00,0.000000000000000000e+00,0.000000000000000000e+00,0.000000000000000000e+00,0.000000000000000000e+00,0.000000000000000000e+00,0.000000000000000000e+00,0.000000000000000000e+00,0.000000000000000000e+00,0.000000000000000000e+00,0.000000000000000000e+00,0.000000000000000000e+00,0.000000000000000000e+00,4.000000000000000222e-01,0.000000000000000000e+00,0.000000000000000000e+00,0.000000000000000000e+00,0.000000000000000000e+00,0.000000000000000000e+00,0.000000000000000000e+00,0.000000000000000000e+00,0.000000000000000000e+00,0.000000000000000000e+00,0.000000000000000000e+00
0.000000000000000000e+00,0.000000000000000000e+00,0.000000000000000000e+00,4.000000000000000222e-01,0.000000000000000000e+00,0.000000000000000000e+00,0.000000000000000000e+00,0.000000000000000000e+00,0.000000000000000000e+00,0.000000000000000000e+00,0.000000000000000000e+00,0.000000000000000000e+00,0.000000000000000000e+00,0.000000000000000000e+00,2.200000000000000178e+00,2.000000000000000111e-01,0.000000000000000000e+00,0.000000000000000000e+00,0.000000000000000000e+00,2.000000000000000111e-01,2.399999999999999911e+00,0.000000000000000000e+00,0.000000000000000000e+00,0.000000000000000000e+00,0.000000000000000000e+00,0.000000000000000000e+00,0.000000000000000000e+00,2.399999999999999911e+00,0.000000000000000000e+00,0.000000000000000000e+00,0.000000000000000000e+00,0.000000000000000000e+00,0.000000000000000000e+00,0.000000000000000000e+00,0.000000000000000000e+00,0.000000000000000000e+00,0.000000000000000000e+00,0.000000000000000000e+00,0.000000000000000000e+00,0.000000000000000000e+00,0.000000000000000000e+00,0.000000000000000000e+00,0.000000000000000000e+00,2.000000000000000111e-01,1.199999999999999956e+00,0.000000000000000000e+00,0.000000000000000000e+00,0.000000000000000000e+00,0.000000000000000000e+00,0.000000000000000000e+00,8.000000000000000444e-01,1.199999999999999956e+00,0.000000000000000000e+00,0.000000000000000000e+00,0.000000000000000000e+00,0.000000000000000000e+00,0.000000000000000000e+00,2.200000000000000178e+00,0.000000000000000000e+00,0.000000000000000000e+00,0.000000000000000000e+00,2.000000000000000111e-01,0.000000000000000000e+00,0.000000000000000000e+00,0.000000000000000000e+00,0.000000000000000000e+00,0.000000000000000000e+00,0.000000000000000000e+00,0.000000000000000000e+00,0.000000000000000000e+00,0.000000000000000000e+00,0.000000000000000000e+00
0.000000000000000000e+00,0.000000000000000000e+00,0.000000000000000000e+00,0.000000000000000000e+00,0.000000000000000000e+00,0.000000000000000000e+00,0.000000000000000000e+00,0.000000000000000000e+00,0.000000000000000000e+00,0.000000000000000000e+00,0.000000000000000000e+00,0.000000000000000000e+00,4.000000000000000222e-01,0.000000000000000000e+00,2.000000000000000111e-01,0.000000000000000000e+00,0.000000000000000000e+00,0.000000000000000000e+00,0.000000000000000000e+00,0.000000000000000000e+00,4.000000000000000222e-01,4.000000000000000777e-01,0.000000000000000000e+00,0.000000000000000000e+00,0.000000000000000000e+00,0.000000000000000000e+00,0.000000000000000000e+00,4.000000000000000222e-01,0.000000000000000000e+00,0.000000000000000000e+00,0.000000000000000000e+00,0.000000000000000000e+00,0.000000000000000000e+00,0.000000000000000000e+00,0.000000000000000000e+00,0.000000000000000000e+00,0.000000000000000000e+00,5.999999999999999778e-01,0.000000000000000000e+00,0.000000000000000000e+00,0.000000000000000000e+00,0.000000000000000000e+00,0.000000000000000000e+00,0.000000000000000000e+00,1.199999999999999956e+00,0.000000000000000000e+00,5.999999999999999778e-01,2.000000000000000111e-01,0.000000000000000000e+00,0.000000000000000000e+00,0.000000000000000000e+00,4.000000000000000222e-01,0.000000000000000000e+00,0.000000000000000000e+00,0.000000000000000000e+00,0.000000000000000000e+00,0.000000000000000000e+00,0.000000000000000000e+00,0.000000000000000000e+00,0.000000000000000000e+00,0.000000000000000000e+00,0.000000000000000000e+00,0.000000000000000000e+00,0.000000000000000000e+00,0.000000000000000000e+00,4.000000000000000222e-01,0.000000000000000000e+00,0.000000000000000000e+00,0.000000000000000000e+00,0.000000000000000000e+00,0.000000000000000000e+00,0.000000000000000000e+00
0.000000000000000000e+00,0.000000000000000000e+00,0.000000000000000000e+00,0.000000000000000000e+00,0.000000000000000000e+00,2.000000000000000111e-01,0.000000000000000000e+00,0.000000000000000000e+00,0.000000000000000000e+00,0.000000000000000000e+00,0.000000000000000000e+00,0.000000000000000000e+00,0.000000000000000000e+00,0.000000000000000000e+00,0.000000000000000000e+00,0.000000000000000000e+00,0.000000000000000000e+00,0.000000000000000000e+00,0.000000000000000000e+00,0.000000000000000000e+00,0.000000000000000000e+00,0.000000000000000000e+00,0.000000000000000000e+00,0.000000000000000000e+00,0.000000000000000000e+00,0.000000000000000000e+00,0.000000000000000000e+00,0.000000000000000000e+00,0.000000000000000000e+00,0.000000000000000000e+00,0.000000000000000000e+00,0.000000000000000000e+00,0.000000000000000000e+00,0.000000000000000000e+00,0.000000000000000000e+00,0.000000000000000000e+00,0.000000000000000000e+00,0.000000000000000000e+00,0.000000000000000000e+00,0.000000000000000000e+00,0.000000000000000000e+00,0.000000000000000000e+00,0.000000000000000000e+00,0.000000000000000000e+00,0.000000000000000000e+00,0.000000000000000000e+00,0.000000000000000000e+00,0.000000000000000000e+00,0.000000000000000000e+00,2.000000000000000111e-01,0.000000000000000000e+00,0.000000000000000000e+00,0.000000000000000000e+00,0.000000000000000000e+00,0.000000000000000000e+00,0.000000000000000000e+00,0.000000000000000000e+00,0.000000000000000000e+00,0.000000000000000000e+00,0.000000000000000000e+00,0.000000000000000000e+00,0.000000000000000000e+00,0.000000000000000000e+00,0.000000000000000000e+00,2.000000000000000111e-01,0.000000000000000000e+00,0.000000000000000000e+00,0.000000000000000000e+00,0.000000000000000000e+00,0.000000000000000000e+00,0.000000000000000000e+00,0.000000000000000000e+00
2.000000000000000111e-01,0.000000000000000000e+00,0.000000000000000000e+00,0.000000000000000000e+00,0.000000000000000000e+00,0.000000000000000000e+00,0.000000000000000000e+00,0.000000000000000000e+00,0.000000000000000000e+00,0.000000000000000000e+00,0.000000000000000000e+00,0.000000000000000000e+00,0.000000000000000000e+00,0.000000000000000000e+00,0.000000000000000000e+00,0.000000000000000000e+00,0.000000000000000000e+00,0.000000000000000000e+00,0.000000000000000000e+00,0.000000000000000000e+00,2.000000000000000111e-01,0.000000000000000000e+00,0.000000000000000000e+00,0.000000000000000000e+00,0.000000000000000000e+00,0.000000000000000000e+00,0.000000000000000000e+00,2.000000000000000111e-01,0.000000000000000000e+00,0.000000000000000000e+00,0.000000000000000000e+00,0.000000000000000000e+00,0.000000000000000000e+00,0.000000000000000000e+00,0.000000000000000000e+00,0.000000000000000000e+00,0.000000000000000000e+00,0.000000000000000000e+00,0.000000000000000000e+00,0.000000000000000000e+00,0.000000000000000000e+00,0.000000000000000000e+00,0.000000000000000000e+00,0.000000000000000000e+00,5.999999999999999778e-01,0.000000000000000000e+00,0.000000000000000000e+00,0.000000000000000000e+00,0.000000000000000000e+00,0.000000000000000000e+00,0.000000000000000000e+00,0.000000000000000000e+00,0.000000000000000000e+00,0.000000000000000000e+00,0.000000000000000000e+00,0.000000000000000000e+00,0.000000000000000000e+00,0.000000000000000000e+00,0.000000000000000000e+00,0.000000000000000000e+00,0.000000000000000000e+00,0.000000000000000000e+00,0.000000000000000000e+00,0.000000000000000000e+00,0.000000000000000000e+00,0.000000000000000000e+00,0.000000000000000000e+00,0.000000000000000000e+00,0.000000000000000000e+00,0.000000000000000000e+00,0.000000000000000000e+00,0.000000000000000000e+00
4.000000000000000222e-01,0.000000000000000000e+00,0.000000000000000000e+00,0.000000000000000000e+00,2.000000000000000111e-01,2.000000000000000111e-01,0.000000000000000000e+00,0.000000000000000000e+00,0.000000000000000000e+00,0.000000000000000000e+00,0.000000000000000000e+00,0.000000000000000000e+00,2.000000000000000111e-01,0.000000000000000000e+00,0.000000000000000000e+00,2.000000000000000111e-01,0.000000000000000000e+00,0.000000000000000000e+00,0.000000000000000000e+00,2.000000000000000111e-01,0.000000000000000000e+00,0.000000000000000000e+00,2.000000000000000111e-01,0.000000000000000000e+00,0.000000000000000000e+00,0.000000000000000000e+00,0.000000000000000000e+00,0.000000000000000000e+00,0.000000000000000000e+00,0.000000000000000000e+00,0.000000000000000000e+00,2.000000000000000111e-01,0.000000000000000000e+00,3.400000000000000355e+00,0.000000000000000000e+00,1.000000000000000000e+00,0.000000000000000000e+00,0.000000000000000000e+00,2.000000000000000111e-01,0.000000000000000000e+00,0.000000000000000000e+00,0.000000000000000000e+00,2.000000000000000111e-01,5.999999999999999778e-01,0.000000000000000000e+00,0.000000000000000000e+00,0.000000000000000000e+00,0.000000000000000000e+00,0.000000000000000000e+00,0.000000000000000000e+00,8.000000000000000444e-01,0.000000000000000000e+00,0.000000000000000000e+00,0.000000000000000000e+00,0.000000000000000000e+00,2.000000000000000111e-01,0.000000000000000000e+00,0.000000000000000000e+00,0.000000000000000000e+00,0.000000000000000000e+00,1.800000000000000044e+00,0.000000000000000000e+00,1.000000000000000000e+00,0.000000000000000000e+00,0.000000000000000000e+00,0.000000000000000000e+00,0.000000000000000000e+00,0.000000000000000000e+00,0.000000000000000000e+00,0.000000000000000000e+00,0.000000000000000000e+00,3.999999999999999667e-01
0.000000000000000000e+00,0.000000000000000000e+00,0.000000000000000000e+00,0.000000000000000000e+00,0.000000000000000000e+00,0.000000000000000000e+00,0.000000000000000000e+00,0.000000000000000000e+00,0.000000000000000000e+00,0.000000000000000000e+00,0.000000000000000000e+00,0.000000000000000000e+00,2.000000000000000111e-01,0.000000000000000000e+00,0.000000000000000000e+00,0.000000000000000000e+00,0.000000000000000000e+00,0.000000000000000000e+00,0.000000000000000000e+00,0.000000000000000000e+00,0.000000000000000000e+00,0.000000000000000000e+00,2.000000000000000111e-01,0.000000000000000000e+00,0.000000000000000000e+00,0.000000000000000000e+00,0.000000000000000000e+00,0.000000000000000000e+00,1.000000000000000000e+00,0.000000000000000000e+00,0.000000000000000000e+00,2.000000000000000111e-01,0.000000000000000000e+00,0.000000000000000000e+00,0.000000000000000000e+00,0.000000000000000000e+00,0.000000000000000000e+00,0.000000000000000000e+00,0.000000000000000000e+00,0.000000000000000000e+00,0.000000000000000000e+00,0.000000000000000000e+00,0.000000000000000000e+00,0.000000000000000000e+00,0.000000000000000000e+00,0.000000000000000000e+00,0.000000000000000000e+00,0.000000000000000000e+00,0.000000000000000000e+00,0.000000000000000000e+00,0.000000000000000000e+00,0.000000000000000000e+00,0.000000000000000000e+00,0.000000000000000000e+00,0.000000000000000000e+00,0.000000000000000000e+00,0.000000000000000000e+00,0.000000000000000000e+00,0.000000000000000000e+00,0.000000000000000000e+00,0.000000000000000000e+00,0.000000000000000000e+00,0.000000000000000000e+00,0.000000000000000000e+00,0.000000000000000000e+00,0.000000000000000000e+00,0.000000000000000000e+00,0.000000000000000000e+00,0.000000000000000000e+00,0.000000000000000000e+00,0.000000000000000000e+00,0.000000000000000000e+00
0.000000000000000000e+00,0.000000000000000000e+00,0.000000000000000000e+00,0.000000000000000000e+00,0.000000000000000000e+00,0.000000000000000000e+00,0.000000000000000000e+00,0.000000000000000000e+00,0.000000000000000000e+00,0.000000000000000000e+00,0.000000000000000000e+00,0.000000000000000000e+00,0.000000000000000000e+00,0.000000000000000000e+00,0.000000000000000000e+00,0.000000000000000000e+00,0.000000000000000000e+00,0.000000000000000000e+00,2.000000000000000111e-01,0.000000000000000000e+00,0.000000000000000000e+00,0.000000000000000000e+00,0.000000000000000000e+00,0.000000000000000000e+00,0.000000000000000000e+00,0.000000000000000000e+00,0.000000000000000000e+00,0.000000000000000000e+00,0.000000000000000000e+00,0.000000000000000000e+00,0.000000000000000000e+00,0.000000000000000000e+00,2.000000000000000111e-01,0.000000000000000000e+00,0.000000000000000000e+00,0.000000000000000000e+00,0.000000000000000000e+00,0.000000000000000000e+00,0.000000000000000000e+00,0.000000000000000000e+00,0.000000000000000000e+00,0.000000000000000000e+00,0.000000000000000000e+00,0.000000000000000000e+00,0.000000000000000000e+00,0.000000000000000000e+00,0.000000000000000000e+00,0.000000000000000000e+00,0.000000000000000000e+00,0.000000000000000000e+00,0.000000000000000000e+00,0.000000000000000000e+00,0.000000000000000000e+00,0.000000000000000000e+00,0.000000000000000000e+00,0.000000000000000000e+00,0.000000000000000000e+00,0.000000000000000000e+00,0.000000000000000000e+00,0.000000000000000000e+00,0.000000000000000000e+00,0.000000000000000000e+00,0.000000000000000000e+00,0.000000000000000000e+00,0.000000000000000000e+00,0.000000000000000000e+00,0.000000000000000000e+00,0.000000000000000000e+00,0.000000000000000000e+00,0.000000000000000000e+00,0.000000000000000000e+00,0.000000000000000000e+00
0.000000000000000000e+00,0.000000000000000000e+00,0.000000000000000000e+00,0.000000000000000000e+00,0.000000000000000000e+00,0.000000000000000000e+00,0.000000000000000000e+00,0.000000000000000000e+00,0.000000000000000000e+00,0.000000000000000000e+00,0.000000000000000000e+00,0.000000000000000000e+00,0.000000000000000000e+00,0.000000000000000000e+00,0.000000000000000000e+00,0.000000000000000000e+00,0.000000000000000000e+00,0.000000000000000000e+00,0.000000000000000000e+00,0.000000000000000000e+00,0.000000000000000000e+00,0.000000000000000000e+00,0.000000000000000000e+00,0.000000000000000000e+00,0.000000000000000000e+00,0.000000000000000000e+00,0.000000000000000000e+00,0.000000000000000000e+00,0.000000000000000000e+00,0.000000000000000000e+00,0.000000000000000000e+00,0.000000000000000000e+00,0.000000000000000000e+00,0.000000000000000000e+00,0.000000000000000000e+00,0.000000000000000000e+00,5.999999999999999778e-01,0.000000000000000000e+00,0.000000000000000000e+00,0.000000000000000000e+00,0.000000000000000000e+00,0.000000000000000000e+00,0.000000000000000000e+00,0.000000000000000000e+00,0.000000000000000000e+00,5.999999999999999778e-01,0.000000000000000000e+00,2.000000000000000111e-01,0.000000000000000000e+00,0.000000000000000000e+00,0.000000000000000000e+00,0.000000000000000000e+00,0.000000000000000000e+00,0.000000000000000000e+00,0.000000000000000000e+00,0.000000000000000000e+00,0.000000000000000000e+00,2.000000000000000111e-01,0.000000000000000000e+00,0.000000000000000000e+00,0.000000000000000000e+00,0.000000000000000000e+00,0.000000000000000000e+00,0.000000000000000000e+00,0.000000000000000000e+00,0.000000000000000000e+00,0.000000000000000000e+00,0.000000000000000000e+00,0.000000000000000000e+00,0.000000000000000000e+00,0.000000000000000000e+00,0.000000000000000000e+00
0.000000000000000000e+00,0.000000000000000000e+00,0.000000000000000000e+00,0.000000000000000000e+00,0.000000000000000000e+00,0.000000000000000000e+00,0.000000000000000000e+00,0.000000000000000000e+00,0.000000000000000000e+00,0.000000000000000000e+00,0.000000000000000000e+00,0.000000000000000000e+00,0.000000000000000000e+00,0.000000000000000000e+00,0.000000000000000000e+00,0.000000000000000000e+00,0.000000000000000000e+00,0.000000000000000000e+00,0.000000000000000000e+00,0.000000000000000000e+00,0.000000000000000000e+00,0.000000000000000000e+00,0.000000000000000000e+00,0.000000000000000000e+00,0.000000000000000000e+00,0.000000000000000000e+00,0.000000000000000000e+00,0.000000000000000000e+00,0.000000000000000000e+00,0.000000000000000000e+00,0.000000000000000000e+00,0.000000000000000000e+00,0.000000000000000000e+00,0.000000000000000000e+00,0.000000000000000000e+00,0.000000000000000000e+00,0.000000000000000000e+00,0.000000000000000000e+00,0.000000000000000000e+00,0.000000000000000000e+00,0.000000000000000000e+00,2.000000000000000111e-01,0.000000000000000000e+00,0.000000000000000000e+00,0.000000000000000000e+00,0.000000000000000000e+00,0.000000000000000000e+00,0.000000000000000000e+00,0.000000000000000000e+00,0.000000000000000000e+00,0.000000000000000000e+00,0.000000000000000000e+00,0.000000000000000000e+00,0.000000000000000000e+00,0.000000000000000000e+00,0.000000000000000000e+00,0.000000000000000000e+00,2.000000000000000111e-01,0.000000000000000000e+00,0.000000000000000000e+00,0.000000000000000000e+00,0.000000000000000000e+00,0.000000000000000000e+00,0.000000000000000000e+00,0.000000000000000000e+00,0.000000000000000000e+00,0.000000000000000000e+00,0.000000000000000000e+00,0.000000000000000000e+00,0.000000000000000000e+00,0.000000000000000000e+00,0.000000000000000000e+00
2.000000000000000111e-01,0.000000000000000000e+00,2.000000000000000111e-01,0.000000000000000000e+00,0.000000000000000000e+00,0.000000000000000000e+00,0.000000000000000000e+00,0.000000000000000000e+00,0.000000000000000000e+00,0.000000000000000000e+00,0.000000000000000000e+00,0.000000000000000000e+00,0.000000000000000000e+00,0.000000000000000000e+00,0.000000000000000000e+00,0.000000000000000000e+00,0.000000000000000000e+00,0.000000000000000000e+00,0.000000000000000000e+00,0.000000000000000000e+00,0.000000000000000000e+00,0.000000000000000000e+00,0.000000000000000000e+00,0.000000000000000000e+00,0.000000000000000000e+00,0.000000000000000000e+00,0.000000000000000000e+00,0.000000000000000000e+00,0.000000000000000000e+00,0.000000000000000000e+00,0.000000000000000000e+00,0.000000000000000000e+00,0.000000000000000000e+00,0.000000000000000000e+00,0.000000000000000000e+00,0.000000000000000000e+00,0.000000000000000000e+00,0.000000000000000000e+00,0.000000000000000000e+00,0.000000000000000000e+00,0.000000000000000000e+00,0.000000000000000000e+00,0.000000000000000000e+00,0.000000000000000000e+00,0.000000000000000000e+00,0.000000000000000000e+00,0.000000000000000000e+00,0.000000000000000000e+00,0.000000000000000000e+00,0.000000000000000000e+00,0.000000000000000000e+00,0.000000000000000000e+00,0.000000000000000000e+00,0.000000000000000000e+00,0.000000000000000000e+00,0.000000000000000000e+00,0.000000000000000000e+00,0.000000000000000000e+00,0.000000000000000000e+00,0.000000000000000000e+00,0.000000000000000000e+00,0.000000000000000000e+00,0.000000000000000000e+00,0.000000000000000000e+00,0.000000000000000000e+00,0.000000000000000000e+00,0.000000000000000000e+00,0.000000000000000000e+00,0.000000000000000000e+00,0.000000000000000000e+00,0.000000000000000000e+00,0.000000000000000000e+00
0.000000000000000000e+00,0.000000000000000000e+00,0.000000000000000000e+00,0.000000000000000000e+00,0.000000000000000000e+00,0.000000000000000000e+00,0.000000000000000000e+00,0.000000000000000000e+00,0.000000000000000000e+00,0.000000000000000000e+00,0.000000000000000000e+00,0.000000000000000000e+00,0.000000000000000000e+00,0.000000000000000000e+00,0.000000000000000000e+00,0.000000000000000000e+00,0.000000000000000000e+00,0.000000000000000000e+00,0.000000000000000000e+00,0.000000000000000000e+00,0.000000000000000000e+00,0.000000000000000000e+00,0.000000000000000000e+00,0.000000000000000000e+00,2.000000000000000000e+00,0.000000000000000000e+00,0.000000000000000000e+00,0.000000000000000000e+00,0.000000000000000000e+00,0.000000000000000000e+00,0.000000000000000000e+00,0.000000000000000000e+00,0.000000000000000000e+00,0.000000000000000000e+00,0.000000000000000000e+00,0.000000000000000000e+00,0.000000000000000000e+00,0.000000000000000000e+00,0.000000000000000000e+00,0.000000000000000000e+00,0.000000000000000000e+00,0.000000000000000000e+00,0.000000000000000000e+00,0.000000000000000000e+00,0.000000000000000000e+00,0.000000000000000000e+00,0.000000000000000000e+00,0.000000000000000000e+00,0.000000000000000000e+00,0.000000000000000000e+00,0.000000000000000000e+00,0.000000000000000000e+00,0.000000000000000000e+00,0.000000000000000000e+00,0.000000000000000000e+00,0.000000000000000000e+00,0.000000000000000000e+00,0.000000000000000000e+00,0.000000000000000000e+00,0.000000000000000000e+00,0.000000000000000000e+00,0.000000000000000000e+00,0.000000000000000000e+00,0.000000000000000000e+00,0.000000000000000000e+00,0.000000000000000000e+00,0.000000000000000000e+00,0.000000000000000000e+00,0.000000000000000000e+00,0.000000000000000000e+00,0.000000000000000000e+00,0.000000000000000000e+00
1.000000000000000000e+01,3.999999999999999667e-01,2.000000000000000111e-01,5.400000000000000355e+00,4.799999999999999822e+00,5.220000000000000284e+01,0.000000000000000000e+00,0.000000000000000000e+00,0.000000000000000000e+00,0.000000000000000000e+00,0.000000000000000000e+00,2.000000000000000111e-01,0.000000000000000000e+00,0.000000000000000000e+00,5.999999999999999778e-01,2.200000000000000178e+00,0.000000000000000000e+00,3.399999999999999911e+00,0.000000000000000000e+00,2.200000000000000178e+00,3.360000000000000142e+01,2.200000000000000178e+00,4.000000000000000222e-01,8.000000000000000444e-01,1.399999999999999911e+00,1.000000000000000000e+01,2.300000000000000000e+01,3.360000000000000142e+01,0.000000000000000000e+00,1.199999999999999956e+00,4.000000000000000000e+00,4.000000000000000222e-01,1.600000000000000089e+00,2.000000000000000000e+00,1.199999999999999956e+00,5.200000000000000178e+00,0.000000000000000000e+00,0.000000000000000000e+00,0.000000000000000000e+00,0.000000000000000000e+00,0.000000000000000000e+00,0.000000000000000000e+00,4.000000000000000000e+00,1.000000000000000000e+00,0.000000000000000000e+00,0.000000000000000000e+00,0.000000000000000000e+00,6.799999999999999822e+00,0.000000000000000000e+00,0.000000000000000000e+00,4.160000000000000142e+01,3.500000000000000000e+01,2.000000000000000111e-01,1.439999999999999858e+01,1.399999999999999911e+00,6.400000000000000355e+00,0.000000000000000000e+00,3.119999999999999574e+01,6.799999999999999822e+00,0.000000000000000000e+00,0.000000000000000000e+00,1.180000000000000071e+01,0.000000000000000000e+00,0.000000000000000000e+00,0.000000000000000000e+00,0.000000000000000000e+00,0.000000000000000000e+00,0.000000000000000000e+00,0.000000000000000000e+00,0.000000000000000000e+00,2.000000000000000111e-01,1.540000000000000213e+01
5.400000000000000355e+00,5.419999999999999574e+01,2.319999999999999929e+01,3.399999999999999911e+00,5.220000000000000284e+01,2.395999999999999943e+02,2.180000000000000071e+01,8.959999999999998010e+01,5.500000000000000000e+01,8.959999999999998010e+01,5.500000000000000000e+01,1.944000000000000057e+02,5.799999999999999822e+00,0.000000000000000000e+00,1.700000000000000000e+01,2.000000000000000111e-01,1.000000000000000000e+00,3.039999999999999858e+01,7.579999999999998295e+01,2.000000000000000111e-01,1.839999999999999858e+01,3.000000000000000000e+00,3.539999999999999858e+01,4.200000000000000178e+00,2.019999999999999929e+01,2.799999999999999822e+00,8.199999999999997513e+00,1.839999999999999858e+01,8.000000000000000444e-01,1.580000000000000071e+01,2.580000000000000071e+01,3.539999999999999858e+01,7.799999999999999822e+00,2.600000000000000089e+00,2.539999999999999858e+01,8.959999999999998010e+01,1.182000000000000028e+02,8.359999999999998010e+01,4.120000000000000284e+01,5.539999999999999858e+01,1.000000000000000000e+01,1.345999999999999943e+02,2.060000000000000142e+01,0.000000000000000000e+00,4.400000000000000355e+00,1.182000000000000028e+02,8.359999999999998010e+01,1.180000000000000071e+01,0.000000000000000000e+00,0.000000000000000000e+00,2.000000000000000000e+01,1.540000000000000036e+01,7.200000000000000178e+00,3.960000000000000142e+01,6.679999999999999716e+01,9.420000000000000284e+01,3.639999999999999858e+01,3.700000000000000000e+01,3.000000000000000000e+00,1.139999999999999858e+01,5.360000000000000142e+01,8.000000000000000000e+00,7.799999999999999822e+00,5.839999999999999147e+01,0.000000000000000000e+00,9.199999999999999289e+00,4.000000000000000000e+01,7.200000000000001066e+00,1.040000000000000036e+01,3.180000000000000426e+01,7.200000000000000178e+00,1.059999999999999964e+01
1.600000000000000089e+00,5.000000000000000000e+00,2.600000000000000089e+00,0.000000000000000000e+00,1.200000000000000000e+01,1.059999999999999964e+01,4.339999999999999858e+01,7.000000000000000000e+00,7.000000000000000888e+00,6.999999999999999112e+00,7.000000000000000000e+00,1.739999999999999503e+01,3.000000000000000000e+00,0.000000000000000000e+00,3.399999999999999911e+00,0.000000000000000000e+00,5.999999999999999778e-01,1.180000000000000071e+01,2.600000000000000000e+01,0.000000000000000000e+00,0.000000000000000000e+00,0.000000000000000000e+00,7.000000000000000000e+00,5.999999999999999778e-01,1.600000000000000089e+00,0.000000000000000000e+00,0.000000000000000000e+00,0.000000000000000000e+00,5.999999999999999778e-01,5.999999999999999778e-01,6.200000000000000178e+00,7.000000000000000000e+00,1.399999999999999911e+00,4.000000000000000222e-01,3.799999999999999822e+00,1.040000000000000036e+01,1.080000000000000071e+01,5.599999999999999645e+00,2.680000000000000071e+01,4.000000000000000222e-01,1.399999999999999911e+00,1.980000000000000071e+01,2.280000000000000071e+01,0.000000000000000000e+00,0.000000000000000000e+00,1.080000000000000071e+01,5.600000000000000533e+00,2.000000000000000111e-01,0.000000000000000000e+00,1.314000000000000057e+02,0.000000000000000000e+00,2.000000000000000111e-01,2.399999999999999911e+00,1.519999999999999929e+01,1.040000000000000036e+01,6.400000000000000355e+00,1.219999999999999929e+01,0.000000000000000000e+00,0.000000000000000000e+00,8.000000000000001554e-01,1.440000000000000036e+01,0.000000000000000000e+00,4.000000000000000222e-01,4.060000000000000142e+01,1.314000000000000057e+02,4.000000000000000222e-01,1.019999999999999929e+01,5.999999999999999778e-01,4.200000000000000178e+00,6.400000000000000355e+00,2.399999999999999911e+00,5.999999999999999778e-01
0.000000000000000000e+00,0.000000000000000000e+00,4.000000000000000222e-01,0.000000000000000000e+00,0.000000000000000000e+00,2.000000000000000111e-01,3.799999999999999822e+00,0.000000000000000000e+00,0.000000000000000000e+00,0.000000000000000000e+00,0.000000000000000000e+00,0.000000000000000000e+00,0.000000000000000000e+00,0.000000000000000000e+00,0.000000000000000000e+00,0.000000000000000000e+00,0.000000000000000000e+00,0.000000000000000000e+00,0.000000000000000000e+00,0.000000000000000000e+00,0.000000000000000000e+00,0.000000000000000000e+00,0.000000000000000000e+00,0.000000000000000000e+00,0.000000000000000000e+00,0.000000000000000000e+00,0.000000000000000000e+00,0.000000000000000000e+00,0.000000000000000000e+00,0.000000000000000000e+00,0.000000000000000000e+00,0.000000000000000000e+00,0.000000000000000000e+00,0.000000000000000000e+00,5.999999999999999778e-01,0.000000000000000000e+00,0.000000000000000000e+00,2.000000000000000111e-01,0.000000000000000000e+00,0.000000000000000000e+00,0.000000000000000000e+00,0.000000000000000000e+00,0.000000000000000000e+00,0.000000000000000000e+00,0.000000000000000000e+00,0.000000000000000000e+00,2.000000000000000111e-01,0.000000000000000000e+00,1.800000000000000044e+00,0.000000000000000000e+00,0.000000000000000000e+00,0.000000000000000000e+00,0.000000000000000000e+00,0.000000000000000000e+00,2.000000000000000389e-01,0.000000000000000000e+00,2.000000000000000111e-01,0.000000000000000000e+00,0.000000000000000000e+00,0.000000000000000000e+00,0.000000000000000000e+00,0.000000000000000000e+00,0.000000000000000000e+00,5.999999999999999778e-01,0.000000000000000000e+00,0.000000000000000000e+00,0.000000000000000000e+00,0.000000000000000000e+00,0.000000000000000000e+00,0.000000000000000000e+00,0.000000000000000000e+00,0.000000000000000000e+00
0.000000000000000000e+00,0.000000000000000000e+00,2.000000000000000111e-01,0.000000000000000000e+00,0.000000000000000000e+00,0.000000000000000000e+00,0.000000000000000000e+00,0.000000000000000000e+00,0.000000000000000000e+00,0.000000000000000000e+00,0.000000000000000000e+00,0.000000000000000000e+00,0.000000000000000000e+00,0.000000000000000000e+00,2.000000000000000111e-01,0.000000000000000000e+00,0.000000000000000000e+00,0.000000000000000000e+00,0.000000000000000000e+00,0.000000000000000000e+00,0.000000000000000000e+00,0.000000000000000000e+00,0.000000000000000000e+00,0.000000000000000000e+00,0.000000000000000000e+00,0.000000000000000000e+00,0.000000000000000000e+00,0.000000000000000000e+00,0.000000000000000000e+00,0.000000000000000000e+00,0.000000000000000000e+00,0.000000000000000000e+00,0.000000000000000000e+00,0.000000000000000000e+00,0.000000000000000000e+00,0.000000000000000000e+00,0.000000000000000000e+00,0.000000000000000000e+00,0.000000000000000000e+00,0.000000000000000000e+00,0.000000000000000000e+00,0.000000000000000000e+00,0.000000000000000000e+00,0.000000000000000000e+00,0.000000000000000000e+00,0.000000000000000000e+00,0.000000000000000000e+00,0.000000000000000000e+00,0.000000000000000000e+00,1.399999999999999911e+00,0.000000000000000000e+00,0.000000000000000000e+00,0.000000000000000000e+00,0.000000000000000000e+00,0.000000000000000000e+00,0.000000000000000000e+00,0.000000000000000000e+00,0.000000000000000000e+00,0.000000000000000000e+00,2.000000000000000389e-01,0.000000000000000000e+00,0.000000000000000000e+00,0.000000000000000000e+00,0.000000000000000000e+00,1.399999999999999911e+00,0.000000000000000000e+00,0.000000000000000000e+00,0.000000000000000000e+00,0.000000000000000000e+00,0.000000000000000000e+00,0.000000000000000000e+00,0.000000000000000000e+00
2.000000000000000111e-01,0.000000000000000000e+00,0.000000000000000000e+00,0.000000000000000000e+00,0.000000000000000000e+00,2.000000000000000111e-01,0.000000000000000000e+00,0.000000000000000000e+00,0.000000000000000000e+00,0.000000000000000000e+00,0.000000000000000000e+00,0.000000000000000000e+00,0.000000000000000000e+00,0.000000000000000000e+00,0.000000000000000000e+00,0.000000000000000000e+00,0.000000000000000000e+00,0.000000000000000000e+00,0.000000000000000000e+00,0.000000000000000000e+00,0.000000000000000000e+00,2.000000000000000389e-01,0.000000000000000000e+00,0.000000000000000000e+00,0.000000000000000000e+00,0.000000000000000000e+00,0.000000000000000000e+00,0.000000000000000000e+00,0.000000000000000000e+00,0.000000000000000000e+00,0.000000000000000000e+00,0.000000000000000000e+00,0.000000000000000000e+00,0.000000000000000000e+00,0.000000000000000000e+00,0.000000000000000000e+00,0.000000000000000000e+00,0.000000000000000000e+00,0.000000000000000000e+00,0.000000000000000000e+00,0.000000000000000000e+00,0.000000000000000000e+00,0.000000000000000000e+00,0.000000000000000000e+00,0.000000000000000000e+00,0.000000000000000000e+00,0.000000000000000000e+00,0.000000000000000000e+00,0.000000000000000000e+00,0.000000000000000000e+00,0.000000000000000000e+00,0.000000000000000000e+00,0.000000000000000000e+00,0.000000000000000000e+00,0.000000000000000000e+00,0.000000000000000000e+00,0.000000000000000000e+00,0.000000000000000000e+00,0.000000000000000000e+00,0.000000000000000000e+00,0.000000000000000000e+00,0.000000000000000000e+00,0.000000000000000000e+00,0.000000000000000000e+00,0.000000000000000000e+00,0.000000000000000000e+00,0.000000000000000000e+00,0.000000000000000000e+00,0.000000000000000000e+00,0.000000000000000000e+00,0.000000000000000000e+00,0.000000000000000000e+00
0.000000000000000000e+00,0.000000000000000000e+00,0.000000000000000000e+00,0.000000000000000000e+00,0.000000000000000000e+00,0.000000000000000000e+00,0.000000000000000000e+00,0.000000000000000000e+00,0.000000000000000000e+00,0.000000000000000000e+00,0.000000000000000000e+00,0.000000000000000000e+00,0.000000000000000000e+00,8.000000000000000444e-01,0.000000000000000000e+00,0.000000000000000000e+00,0.000000000000000000e+00,0.000000000000000000e+00,0.000000000000000000e+00,0.000000000000000000e+00,0.000000000000000000e+00,0.000000000000000000e+00,0.000000000000000000e+00,0.000000000000000000e+00,0.000000000000000000e+00,0.000000000000000000e+00,0.000000000000000000e+00,0.000000000000000000e+00,0.000000000000000000e+00,0.000000000000000000e+00,3.000000000000000000e+00,0.000000000000000000e+00,0.000000000000000000e+00,1.240000000000000036e+01,2.000000000000000111e-01,0.000000000000000000e+00,0.000000000000000000e+00,0.000000000000000000e+00,0.000000000000000000e+00,0.000000000000000000e+00,0.000000000000000000e+00,0.000000000000000000e+00,1.100000000000000000e+01,0.000000000000000000e+00,2.000000000000000111e-01,0.000000000000000000e+00,0.000000000000000000e+00,0.000000000000000000e+00,0.000000000000000000e+00,0.000000000000000000e+00,0.000000000000000000e+00,0.000000000000000000e+00,0.000000000000000000e+00,0.000000000000000000e+00,0.000000000000000000e+00,0.000000000000000000e+00,2.000000000000000111e-01,0.000000000000000000e+00,0.000000000000000000e+00,0.000000000000000000e+00,0.000000000000000000e+00,0.000000000000000000e+00,0.000000000000000000e+00,0.000000000000000000e+00,0.000000000000000000e+00,0.000000000000000000e+00,0.000000000000000000e+00,0.000000000000000000e+00,0.000000000000000000e+00,7.000000000000000000e+00,0.000000000000000000e+00,2.200000000000000178e+00
0.000000000000000000e+00,0.000000000000000000e+00,0.000000000000000000e+00,0.000000000000000000e+00,0.000000000000000000e+00,0.000000000000000000e+00,0.000000000000000000e+00,0.000000000000000000e+00,0.000000000000000000e+00,0.000000000000000000e+00,0.000000000000000000e+00,0.000000000000000000e+00,0.000000000000000000e+00,0.000000000000000000e+00,0.000000000000000000e+00,0.000000000000000000e+00,0.000000000000000000e+00,0.000000000000000000e+00,0.000000000000000000e+00,0.000000000000000000e+00,0.000000000000000000e+00,0.000000000000000000e+00,0.000000000000000000e+00,0.000000000000000000e+00,0.000000000000000000e+00,0.000000000000000000e+00,0.000000000000000000e+00,0.000000000000000000e+00,0.000000000000000000e+00,0.000000000000000000e+00,0.000000000000000000e+00,0.000000000000000000e+00,0.000000000000000000e+00,0.000000000000000000e+00,2.000000000000000111e-01,0.000000000000000000e+00,0.000000000000000000e+00,0.000000000000000000e+00,0.000000000000000000e+00,2.000000000000000111e-01,0.000000000000000000e+00,0.000000000000000000e+00,8.400000000000000355e+00,0.000000000000000000e+00,0.000000000000000000e+00,0.000000000000000000e+00,0.000000000000000000e+00,0.000000000000000000e+00,0.000000000000000000e+00,0.000000000000000000e+00,0.000000000000000000e+00,0.000000000000000000e+00,0.000000000000000000e+00,0.000000000000000000e+00,0.000000000000000000e+00,0.000000000000000000e+00,0.000000000000000000e+00,0.000000000000000000e+00,0.000000000000000000e+00,0.000000000000000000e+00,0.000000000000000000e+00,0.000000000000000000e+00,0.000000000000000000e+00,0.000000000000000000e+00,0.000000000000000000e+00,0.000000000000000000e+00,0.000000000000000000e+00,0.000000000000000000e+00,0.000000000000000000e+00,0.000000000000000000e+00,0.000000000000000000e+00,0.000000000000000000e+00
0.000000000000000000e+00,0.000000000000000000e+00,0.000000000000000000e+00,0.000000000000000000e+00,0.000000000000000000e+00,0.000000000000000000e+00,0.000000000000000000e+00,0.000000000000000000e+00,0.000000000000000000e+00,0.000000000000000000e+00,0.000000000000000000e+00,0.000000000000000000e+00,0.000000000000000000e+00,0.000000000000000000e+00,0.000000000000000000e+00,2.000000000000000111e-01,0.000000000000000000e+00,0.000000000000000000e+00,0.000000000000000000e+00,2.000000000000000111e-01,0.000000000000000000e+00,0.000000000000000000e+00,0.000000000000000000e+00,0.000000000000000000e+00,0.000000000000000000e+00,0.000000000000000000e+00,0.000000000000000000e+00,0.000000000000000000e+00,0.000000000000000000e+00,0.000000000000000000e+00,0.000000000000000000e+00,0.000000000000000000e+00,0.000000000000000000e+00,0.000000000000000000e+00,0.000000000000000000e+00,0.000000000000000000e+00,0.000000000000000000e+00,0.000000000000000000e+00,0.000000000000000000e+00,4.000000000000000222e-01,0.000000000000000000e+00,0.000000000000000000e+00,0.000000000000000000e+00,1.939999999999999858e+01,0.000000000000000000e+00,0.000000000000000000e+00,0.000000000000000000e+00,0.000000000000000000e+00,0.000000000000000000e+00,0.000000000000000000e+00,0.000000000000000000e+00,0.000000000000000000e+00,0.000000000000000000e+00,0.000000000000000000e+00,0.000000000000000000e+00,0.000000000000000000e+00,0.000000000000000000e+00,0.000000000000000000e+00,0.000000000000000000e+00,0.000000000000000000e+00,0.000000000000000000e+00,0.000000000000000000e+00,0.000000000000000000e+00,0.000000000000000000e+00,0.000000000000000000e+00,0.000000000000000000e+00,0.000000000000000000e+00,0.000000000000000000e+00,0.000000000000000000e+00,0.000000000000000000e+00,0.000000000000000000e+00,0.000000000000000000e+00
0.000000000000000000e+00,0.000000000000000000e+00,2.000000000000000111e-01,1.199999999999999956e+00,0.000000000000000000e+00,5.000000000000000000e+00,1.399999999999999911e+00,0.000000000000000000e+00,0.000000000000000000e+00,0.000000000000000000e+00,0.000000000000000000e+00,3.399999999999999911e+00,0.000000000000000000e+00,1.600000000000000000e+01,0.000000000000000000e+00,0.000000000000000000e+00,0.000000000000000000e+00,2.200000000000000178e+00,0.000000000000000000e+00,0.000000000000000000e+00,1.000000000000000000e+01,2.000000000000000389e-01,0.000000000000000000e+00,4.000000000000000222e-01,1.600000000000000089e+00,2.200000000000000178e+00,3.200000000000000178e+00,1.000000000000000000e+01,0.000000000000000000e+00,2.399999999999999911e+00,0.000000000000000000e+00,0.000000000000000000e+00,2.000000000000000111e-01,0.000000000000000000e+00,0.000000000000000000e+00,0.000000000000000000e+00,1.600000000000000089e+00,0.000000000000000000e+00,0.000000000000000000e+00,3.399999999999999911e+00,0.000000000000000000e+00,3.400000000000000355e+00,0.000000000000000000e+00,0.000000000000000000e+00,5.200000000000000178e+00,1.600000000000000089e+00,0.000000000000000000e+00,2.000000000000000000e+00,2.000000000000000111e-01,4.599999999999999645e+00,4.799999999999999822e+00,1.119999999999999929e+01,0.000000000000000000e+00,0.000000000000000000e+00,4.599999999999999645e+00,0.000000000000000000e+00,0.000000000000000000e+00,1.399999999999999911e+00,2.000000000000000000e+00,0.000000000000000000e+00,3.000000000000000000e+00,1.719999999999999929e+01,0.000000000000000000e+00,0.000000000000000000e+00,4.599999999999999645e+00,0.000000000000000000e+00,0.000000000000000000e+00,0.000000000000000000e+00,0.000000000000000000e+00,0.000000000000000000e+00,0.000000000000000000e+00,0.000000000000000000e+00
4.000000000000000222e-01,0.000000000000000000e+00,0.000000000000000000e+00,4.000000000000000222e-01,0.000000000000000000e+00,4.599999999999999645e+00,2.399999999999999911e+00,0.000000000000000000e+00,0.000000000000000000e+00,0.000000000000000000e+00,0.000000000000000000e+00,3.200000000000000178e+00,0.000000000000000000e+00,5.400000000000000355e+00,4.200000000000000178e+00,0.000000000000000000e+00,0.000000000000000000e+00,2.000000000000000000e+00,0.000000000000000000e+00,0.000000000000000000e+00,1.000000000000000000e+00,0.000000000000000000e+00,0.000000000000000000e+00,1.000000000000000000e+00,1.399999999999999911e+00,2.000000000000000111e-01,5.999999999999999778e-01,1.000000000000000000e+00,0.000000000000000000e+00,2.000000000000000000e+00,0.000000000000000000e+00,0.000000000000000000e+00,5.999999999999999778e-01,0.000000000000000000e+00,0.000000000000000000e+00,0.000000000000000000e+00,2.399999999999999911e+00,0.000000000000000000e+00,0.000000000000000000e+00,0.000000000000000000e+00,0.000000000000000000e+00,1.000000000000000000e+00,0.000000000000000000e+00,0.000000000000000000e+00,7.200000000000000178e+00,2.399999999999999911e+00,0.000000000000000000e+00,1.600000000000000089e+00,1.399999999999999911e+00,6.400000000000000355e+00,2.000000000000000111e-01,3.799999999999999822e+00,0.000000000000000000e+00,0.000000000000000000e+00,1.460000000000000142e+01,0.000000000000000000e+00,0.000000000000000000e+00,0.000000000000000000e+00,2.000000000000000111e-01,0.000000000000000000e+00,1.140000000000000036e+01,4.200000000000000178e+00,0.000000000000000000e+00,8.000000000000000444e-01,6.400000000000000355e+00,0.000000000000000000e+00,0.000000000000000000e+00,0.000000000000000000e+00,0.000000000000000000e+00,0.000000000000000000e+00,0.000000000000000000e+00,0.000000000000000000e+00
2.799999999999999822e+00,0.000000000000000000e+00,0.000000000000000000e+00,0.000000000000000000e+00,0.000000000000000000e+00,9.400000000000000355e+00,3.799999999999999822e+00,0.000000000000000000e+00,0.000000000000000000e+00,0.000000000000000000e+00,0.000000000000000000e+00,6.400000000000000355e+00,0.000000000000000000e+00,6.000000000000000000e+00,0.000000000000000000e+00,0.000000000000000000e+00,0.000000000000000000e+00,4.000000000000000222e-01,0.000000000000000000e+00,0.000000000000000000e+00,0.000000000000000000e+00,2.000000000000000389e-01,0.000000000000000000e+00,2.000000000000000111e-01,2.000000000000000111e-01,0.000000000000000000e+00,0.000000000000000000e+00,0.000000000000000000e+00,0.000000000000000000e+00,4.000000000000000222e-01,0.000000000000000000e+00,0.000000000000000000e+00,0.000000000000000000e+00,8.000000000000000444e-01,0.000000000000000000e+00,0.000000000000000000e+00,5.999999999999999778e-01,0.000000000000000000e+00,0.000000000000000000e+00,0.000000000000000000e+00,0.000000000000000000e+00,1.800000000000000044e+00,2.000000000000000111e-01,0.000000000000000000e+00,0.000000000000000000e+00,5.999999999999999778e-01,0.000000000000000000e+00,0.000000000000000000e+00,0.000000000000000000e+00,3.399999999999999911e+00,0.000000000000000000e+00,0.000000000000000000e+00,0.000000000000000000e+00,0.000000000000000000e+00,5.799999999999999822e+00,4.400000000000000355e+00,0.000000000000000000e+00,0.000000000000000000e+00,0.000000000000000000e+00,0.000000000000000000e+00,8.000000000000000444e-01,0.000000000000000000e+00,2.000000000000000111e-01,7.200000000000000178e+00,3.399999999999999911e+00,0.000000000000000000e+00,0.000000000000000000e+00,0.000000000000000000e+00,0.000000000000000000e+00,0.000000000000000000e+00,0.000000000000000000e+00,7.999999999999999334e-01
2.000000000000000111e-01,0.000000000000000000e+00,0.000000000000000000e+00,0.000000000000000000e+00,0.000000000000000000e+00,5.400000000000000355e+00,1.399999999999999911e+00,2.000000000000000111e-01,2.000000000000000111e-01,2.000000000000000111e-01,2.000000000000000111e-01,1.199999999999999956e+00,0.000000000000000000e+00,0.000000000000000000e+00,0.000000000000000000e+00,0.000000000000000000e+00,2.000000000000000000e+00,0.000000000000000000e+00,2.000000000000000111e-01,0.000000000000000000e+00,0.000000000000000000e+00,0.000000000000000000e+00,0.000000000000000000e+00,0.000000000000000000e+00,0.000000000000000000e+00,0.000000000000000000e+00,0.000000000000000000e+00,0.000000000000000000e+00,0.000000000000000000e+00,0.000000000000000000e+00,0.000000000000000000e+00,0.000000000000000000e+00,0.000000000000000000e+00,0.000000000000000000e+00,2.000000000000000111e-01,0.000000000000000000e+00,2.000000000000000111e-01,2.200000000000000178e+00,5.999999999999999778e-01,4.000000000000000222e-01,0.000000000000000000e+00,4.000000000000000222e-01,0.000000000000000000e+00,0.000000000000000000e+00,0.000000000000000000e+00,2.000000000000000111e-01,2.200000000000000178e+00,0.000000000000000000e+00,2.000000000000000111e-01,2.000000000000000111e-01,0.000000000000000000e+00,0.000000000000000000e+00,0.000000000000000000e+00,0.000000000000000000e+00,0.000000000000000000e+00,4.599999999999999645e+00,5.999999999999999778e-01,0.000000000000000000e+00,0.000000000000000000e+00,1.399999999999999911e+00,0.000000000000000000e+00,0.000000000000000000e+00,0.000000000000000000e+00,5.999999999999999778e-01,2.000000000000000111e-01,0.000000000000000000e+00,0.000000000000000000e+00,0.000000000000000000e+00,7.799999999999999822e+00,0.000000000000000000e+00,0.000000000000000000e+00,0.000000000000000000e+00
7.199999999999999289e+00,0.000000000000000000e+00,0.000000000000000000e+00,0.000000000000000000e+00,0.000000000000000000e+00,5.000000000000000000e+00,0.000000000000000000e+00,0.000000000000000000e+00,0.000000000000000000e+00,0.000000000000000000e+00,0.000000000000000000e+00,0.000000000000000000e+00,0.000000000000000000e+00,2.000000000000000111e-01,0.000000000000000000e+00,0.000000000000000000e+00,0.000000000000000000e+00,0.000000000000000000e+00,0.000000000000000000e+00,0.000000000000000000e+00,0.000000000000000000e+00,0.000000000000000000e+00,0.000000000000000000e+00,0.000000000000000000e+00,0.000000000000000000e+00,0.000000000000000000e+00,0.000000000000000000e+00,0.000000000000000000e+00,0.000000000000000000e+00,0.000000000000000000e+00,1.199999999999999956e+00,0.000000000000000000e+00,0.000000000000000000e+00,1.480000000000000071e+01,0.000000000000000000e+00,0.000000000000000000e+00,4.000000000000000222e-01,0.000000000000000000e+00,0.000000000000000000e+00,0.000000000000000000e+00,0.000000000000000000e+00,4.000000000000000222e-01,1.199999999999999956e+00,0.000000000000000000e+00,0.000000000000000000e+00,4.000000000000000222e-01,0.000000000000000000e+00,0.000000000000000000e+00,0.000000000000000000e+00,0.000000000000000000e+00,0.000000000000000000e+00,0.000000000000000000e+00,0.000000000000000000e+00,0.000000000000000000e+00,0.000000000000000000e+00,2.799999999999999822e+00,0.000000000000000000e+00,0.000000000000000000e+00,0.000000000000000000e+00,0.000000000000000000e+00,0.000000000000000000e+00,0.000000000000000000e+00,0.000000000000000000e+00,1.119999999999999929e+01,0.000000000000000000e+00,8.000000000000000444e-01,0.000000000000000000e+00,0.000000000000000000e+00,0.000000000000000000e+00,2.000000000000000111e-01,0.000000000000000000e+00,5.999999999999999778e-01
6.000000000000000000e+00,0.000000000000000000e+00,0.000000000000000000e+00,0.000000000000000000e+00,0.000000000000000000e+00,0.000000000000000000e+00,0.000000000000000000e+00,0.000000000000000000e+00,0.000000000000000000e+00,0.000000000000000000e+00,0.000000000000000000e+00,0.000000000000000000e+00,0.000000000000000000e+00,0.000000000000000000e+00,0.000000000000000000e+00,0.000000000000000000e+00,0.000000000000000000e+00,0.000000000000000000e+00,0.000000000000000000e+00,0.000000000000000000e+00,0.000000000000000000e+00,4.000000000000000777e-01,0.000000000000000000e+00,0.000000000000000000e+00,0.000000000000000000e+00,0.000000000000000000e+00,0.000000000000000000e+00,0.000000000000000000e+00,0.000000000000000000e+00,0.000000000000000000e+00,0.000000000000000000e+00,0.000000000000000000e+00,0.000000000000000000e+00,2.399999999999999911e+00,0.000000000000000000e+00,0.000000000000000000e+00,2.000000000000000111e-01,0.000000000000000000e+00,0.000000000000000000e+00,0.000000000000000000e+00,0.000000000000000000e+00,0.000000000000000000e+00,0.000000000000000000e+00,0.000000000000000000e+00,0.000000000000000000e+00,2.000000000000000111e-01,0.000000000000000000e+00,0.000000000000000000e+00,2.000000000000000111e-01,0.000000000000000000e+00,0.000000000000000000e+00,0.000000000000000000e+00,0.000000000000000000e+00,0.000000000000000000e+00,0.000000000000000000e+00,0.000000000000000000e+00,0.000000000000000000e+00,0.000000000000000000e+00,0.000000000000000000e+00,0.000000000000000000e+00,0.000000000000000000e+00,0.000000000000000000e+00,0.000000000000000000e+00,4.000000000000000222e-01,0.000000000000000000e+00,0.000000000000000000e+00,0.000000000000000000e+00,0.000000000000000000e+00,0.000000000000000000e+00,0.000000000000000000e+00,0.000000000000000000e+00,7.999999999999999334e-01
2.939999999999999503e+01,0.000000000000000000e+00,0.000000000000000000e+00,2.060000000000000142e+01,0.000000000000000000e+00,2.000000000000000111e-01,0.000000000000000000e+00,0.000000000000000000e+00,0.000000000000000000e+00,0.000000000000000000e+00,0.000000000000000000e+00,0.000000000000000000e+00,0.000000000000000000e+00,2.000000000000000111e-01,2.000000000000000111e-01,0.000000000000000000e+00,0.000000000000000000e+00,0.000000000000000000e+00,0.000000000000000000e+00,0.000000000000000000e+00,0.000000000000000000e+00,0.000000000000000000e+00,0.000000000000000000e+00,0.000000000000000000e+00,0.000000000000000000e+00,2.039999999999999858e+01,3.639999999999999858e+01,0.000000000000000000e+00,0.000000000000000000e+00,3.799999999999999822e+00,0.000000000000000000e+00,0.000000000000000000e+00,8.000000000000000000e+00,3.760000000000000142e+01,0.000000000000000000e+00,0.000000000000000000e+00,0.000000000000000000e+00,0.000000000000000000e+00,0.000000000000000000e+00,0.000000000000000000e+00,5.999999999999999778e-01,0.000000000000000000e+00,2.000000000000000111e-01,2.000000000000000111e-01,0.000000000000000000e+00,0.000000000000000000e+00,0.000000000000000000e+00,1.800000000000000044e+00,0.000000000000000000e+00,0.000000000000000000e+00,2.760000000000000142e+01,1.819999999999999929e+01,0.000000000000000000e+00,0.000000000000000000e+00,2.000000000000000389e-01,2.000000000000000111e-01,0.000000000000000000e+00,3.700000000000000000e+01,2.200000000000000178e+00,0.000000000000000000e+00,0.000000000000000000e+00,5.360000000000000142e+01,1.580000000000000071e+01,4.000000000000000000e+00,0.000000000000000000e+00,0.000000000000000000e+00,0.000000000000000000e+00,0.000000000000000000e+00,0.000000000000000000e+00,0.000000000000000000e+00,0.000000000000000000e+00,2.000000000000000000e+00
1.059999999999999964e+01,0.000000000000000000e+00,0.000000000000000000e+00,2.000000000000000111e-01,0.000000000000000000e+00,0.000000000000000000e+00,0.000000000000000000e+00,0.000000000000000000e+00,0.000000000000000000e+00,0.000000000000000000e+00,0.000000000000000000e+00,0.000000000000000000e+00,0.000000000000000000e+00,0.000000000000000000e+00,0.000000000000000000e+00,1.399999999999999911e+00,0.000000000000000000e+00,0.000000000000000000e+00,0.000000000000000000e+00,1.399999999999999911e+00,2.000000000000000111e-01,0.000000000000000000e+00,0.000000000000000000e+00,0.000000000000000000e+00,0.000000000000000000e+00,0.000000000000000000e+00,0.000000000000000000e+00,2.000000000000000111e-01,0.000000000000000000e+00,0.000000000000000000e+00,0.000000000000000000e+00,0.000000000000000000e+00,0.000000000000000000e+00,2.200000000000000178e+00,3.200000000000000178e+00,0.000000000000000000e+00,0.000000000000000000e+00,0.000000000000000000e+00,0.000000000000000000e+00,0.000000000000000000e+00,4.200000000000000178e+00,0.000000000000000000e+00,1.440000000000000036e+01,6.200000000000000178e+00,3.860000000000000142e+01,0.000000000000000000e+00,0.000000000000000000e+00,1.359999999999999964e+01,0.000000000000000000e+00,0.000000000000000000e+00,0.000000000000000000e+00,2.000000000000000111e-01,0.000000000000000000e+00,0.000000000000000000e+00,0.000000000000000000e+00,0.000000000000000000e+00,1.180000000000000071e+01,2.000000000000000111e-01,0.000000000000000000e+00,0.000000000000000000e+00,0.000000000000000000e+00,0.000000000000000000e+00,1.860000000000000142e+01,0.000000000000000000e+00,0.000000000000000000e+00,0.000000000000000000e+00,0.000000000000000000e+00,0.000000000000000000e+00,0.000000000000000000e+00,6.799999999999999822e+00,0.000000000000000000e+00,5.999999999999999778e-01
2.000000000000000111e-01,0.000000000000000000e+00,0.000000000000000000e+00,0.000000000000000000e+00,0.000000000000000000e+00,2.399999999999999911e+00,8.000000000000000444e-01,0.000000000000000000e+00,0.000000000000000000e+00,0.000000000000000000e+00,0.000000000000000000e+00,0.000000000000000000e+00,0.000000000000000000e+00,0.000000000000000000e+00,0.000000000000000000e+00,0.000000000000000000e+00,0.000000000000000000e+00,0.000000000000000000e+00,0.000000000000000000e+00,0.000000000000000000e+00,0.000000000000000000e+00,0.000000000000000000e+00,0.000000000000000000e+00,0.000000000000000000e+00,0.000000000000000000e+00,0.000000000000000000e+00,0.000000000000000000e+00,0.000000000000000000e+00,0.000000000000000000e+00,0.000000000000000000e+00,0.000000000000000000e+00,0.000000000000000000e+00,0.000000000000000000e+00,3.379999999999999716e+01,0.000000000000000000e+00,0.000000000000000000e+00,0.000000000000000000e+00,0.000000000000000000e+00,0.000000000000000000e+00,0.000000000000000000e+00,0.000000000000000000e+00,0.000000000000000000e+00,0.000000000000000000e+00,0.000000000000000000e+00,0.000000000000000000e+00,0.000000000000000000e+00,0.000000000000000000e+00,0.000000000000000000e+00,0.000000000000000000e+00,0.000000000000000000e+00,0.000000000000000000e+00,0.000000000000000000e+00,0.000000000000000000e+00,0.000000000000000000e+00,0.000000000000000000e+00,4.000000000000000222e-01,0.000000000000000000e+00,0.000000000000000000e+00,0.000000000000000000e+00,0.000000000000000000e+00,0.000000000000000000e+00,0.000000000000000000e+00,0.000000000000000000e+00,3.000000000000000000e+00,0.000000000000000000e+00,0.000000000000000000e+00,0.000000000000000000e+00,0.000000000000000000e+00,0.000000000000000000e+00,8.800000000000000711e+00,0.000000000000000000e+00,0.000000000000000000e+00
1.359999999999999964e+01,0.000000000000000000e+00,0.000000000000000000e+00,0.000000000000000000e+00,0.000000000000000000e+00,0.000000000000000000e+00,0.000000000000000000e+00,0.000000000000000000e+00,0.000000000000000000e+00,0.000000000000000000e+00,0.000000000000000000e+00,0.000000000000000000e+00,0.000000000000000000e+00,0.000000000000000000e+00,0.000000000000000000e+00,0.000000000000000000e+00,0.000000000000000000e+00,0.000000000000000000e+00,0.000000000000000000e+00,0.000000000000000000e+00,0.000000000000000000e+00,0.000000000000000000e+00,0.000000000000000000e+00,0.000000000000000000e+00,0.000000000000000000e+00,0.000000000000000000e+00,0.000000000000000000e+00,0.000000000000000000e+00,0.000000000000000000e+00,0.000000000000000000e+00,4.000000000000000222e-01,0.000000000000000000e+00,0.000000000000000000e+00,1.919999999999999929e+01,8.400000000000000355e+00,0.000000000000000000e+00,0.000000000000000000e+00,0.000000000000000000e+00,0.000000000000000000e+00,0.000000000000000000e+00,4.000000000000000222e-01,0.000000000000000000e+00,4.000000000000000222e-01,0.000000000000000000e+00,0.000000000000000000e+00,0.000000000000000000e+00,0.000000000000000000e+00,0.000000000000000000e+00,0.000000000000000000e+00,0.000000000000000000e+00,0.000000000000000000e+00,0.000000000000000000e+00,0.000000000000000000e+00,0.000000000000000000e+00,0.000000000000000000e+00,0.000000000000000000e+00,0.000000000000000000e+00,0.000000000000000000e+00,0.000000000000000000e+00,0.000000000000000000e+00,0.000000000000000000e+00,0.000000000000000000e+00,2.300000000000000000e+01,0.000000000000000000e+00,0.000000000000000000e+00,0.000000000000000000e+00,0.000000000000000000e+00,0.000000000000000000e+00,8.400000000000000355e+00,8.000000000000000444e-01,0.000000000000000000e+00,3.999999999999999667e-01
2.000000000000000000e+00,2.000000000000000000e+00,0.000000000000000000e+00,1.600000000000000089e+00,1.240000000000000036e+01,0.000000000000000000e+00,0.000000000000000000e+00,2.000000000000000111e-01,5.999999999999999778e-01,2.000000000000000111e-01,5.999999999999999778e-01,0.000000000000000000e+00,0.000000000000000000e+00,0.000000000000000000e+00,0.000000000000000000e+00,7.799999999999999822e+00,0.000000000000000000e+00,0.000000000000000000e+00,0.000000000000000000e+00,7.799999999999998934e+00,0.000000000000000000e+00,5.999999999999999778e-01,1.600000000000000089e+00,0.000000000000000000e+00,0.000000000000000000e+00,2.600000000000000000e+01,2.660000000000000142e+01,0.000000000000000000e+00,0.000000000000000000e+00,2.000000000000000111e-01,5.220000000000000284e+01,1.600000000000000089e+00,0.000000000000000000e+00,1.240000000000000036e+01,1.000000000000000000e+00,0.000000000000000000e+00,0.000000000000000000e+00,0.000000000000000000e+00,5.999999999999999778e-01,2.000000000000000111e-01,1.419999999999999929e+01,0.000000000000000000e+00,1.960000000000000142e+01,8.400000000000000355e+00,4.739999999999999858e+01,0.000000000000000000e+00,0.000000000000000000e+00,3.600000000000000089e+00,0.000000000000000000e+00,0.000000000000000000e+00,9.000000000000000000e+01,0.000000000000000000e+00,0.000000000000000000e+00,0.000000000000000000e+00,0.000000000000000000e+00,0.000000000000000000e+00,8.199999999999997513e+00,1.474000000000000057e+02,3.600000000000000089e+00,0.000000000000000000e+00,0.000000000000000000e+00,4.000000000000000000e+00,2.000000000000000000e+00,1.199999999999999956e+00,0.000000000000000000e+00,0.000000000000000000e+00,0.000000000000000000e+00,0.000000000000000000e+00,3.779999999999999716e+01,1.019999999999999929e+01,0.000000000000000000e+00,2.000000000000000000e+00
1.240000000000000036e+01,2.859999999999999787e+01,1.540000000000000036e+01,0.000000000000000000e+00,1.399999999999999911e+00,2.000000000000000000e+00,0.000000000000000000e+00,5.200000000000000178e+00,1.600000000000000089e+00,5.200000000000000178e+00,1.600000000000000089e+00,0.000000000000000000e+00,0.000000000000000000e+00,1.380000000000000071e+01,0.000000000000000000e+00,2.480000000000000071e+01,1.000000000000000000e+00,6.799999999999999822e+00,6.400000000000000355e+00,2.480000000000000071e+01,0.000000000000000000e+00,1.960000000000000142e+01,1.319999999999999929e+01,2.180000000000000071e+01,1.579999999999999893e+01,0.000000000000000000e+00,0.000000000000000000e+00,0.000000000000000000e+00,0.000000000000000000e+00,3.399999999999999911e+00,8.259999999999998010e+01,1.319999999999999929e+01,2.799999999999999822e+00,3.420000000000000284e+01,5.800000000000000711e+01,4.599999999999999645e+00,1.000000000000000000e+01,1.199999999999999956e+00,6.799999999999999822e+00,2.200000000000000178e+00,3.620000000000000284e+01,1.059999999999999964e+01,1.199999999999999956e+00,8.520000000000000284e+01,2.600000000000000089e+00,1.000000000000000000e+01,1.199999999999999956e+00,4.000000000000000222e-01,0.000000000000000000e+00,9.599999999999999645e+00,4.000000000000000000e+00,1.600000000000000089e+00,0.000000000000000000e+00,3.399999999999999911e+00,1.000000000000000000e+01,0.000000000000000000e+00,3.439999999999999858e+01,0.000000000000000000e+00,0.000000000000000000e+00,4.000000000000000777e-01,8.000000000000000000e+00,0.000000000000000000e+00,5.060000000000000142e+01,2.600000000000000000e+01,9.599999999999999645e+00,0.000000000000000000e+00,2.600000000000000089e+00,0.000000000000000000e+00,5.599999999999999645e+00,4.200000000000000178e+00,0.000000000000000000e+00,1.739999999999999503e+01
6.000000000000000000e+00,0.000000000000000000e+00,0.000000000000000000e+00,0.000000000000000000e+00,0.000000000000000000e+00,6.599999999999999645e+00,9.000000000000000000e+00,0.000000000000000000e+00,0.000000000000000000e+00,0.000000000000000000e+00,0.000000000000000000e+00,4.799999999999999822e+00,2.000000000000000111e-01,0.000000000000000000e+00,0.000000000000000000e+00,0.000000000000000000e+00,0.000000000000000000e+00,2.000000000000000111e-01,0.000000000000000000e+00,0.000000000000000000e+00,0.000000000000000000e+00,1.819999999999999929e+01,2.000000000000000111e-01,1.199999999999999956e+00,4.000000000000000222e-01,0.000000000000000000e+00,4.000000000000000222e-01,0.000000000000000000e+00,0.000000000000000000e+00,0.000000000000000000e+00,4.000000000000000222e-01,2.000000000000000111e-01,0.000000000000000000e+00,2.200000000000000178e+00,0.000000000000000000e+00,0.000000000000000000e+00,0.000000000000000000e+00,0.000000000000000000e+00,0.000000000000000000e+00,0.000000000000000000e+00,0.000000000000000000e+00,0.000000000000000000e+00,1.280000000000000071e+01,0.000000000000000000e+00,2.799999999999999822e+00,0.000000000000000000e+00,0.000000000000000000e+00,3.000000000000000000e+00,0.000000000000000000e+00,0.000000000000000000e+00,0.000000000000000000e+00,5.000000000000000000e+00,0.000000000000000000e+00,2.000000000000000111e-01,0.000000000000000000e+00,4.799999999999999822e+00,1.199999999999999956e+00,0.000000000000000000e+00,0.000000000000000000e+00,0.000000000000000000e+00,0.000000000000000000e+00,2.000000000000000111e-01,0.000000000000000000e+00,8.000000000000000444e-01,0.000000000000000000e+00,0.000000000000000000e+00,5.179999999999999716e+01,0.000000000000000000e+00,5.799999999999999822e+00,1.600000000000000089e+00,0.000000000000000000e+00,1.800000000000000044e+00
2.399999999999999911e+00,0.000000000000000000e+00,1.080000000000000071e+01,0.000000000000000000e+00,1.919999999999999929e+01,0.000000000000000000e+00,0.000000000000000000e+00,0.000000000000000000e+00,0.000000000000000000e+00,0.000000000000000000e+00,0.000000000000000000e+00,5.400000000000000355e+00,0.000000000000000000e+00,8.800000000000000711e+00,0.000000000000000000e+00,8.000000000000000444e-01,0.000000000000000000e+00,1.000000000000000000e+01,0.000000000000000000e+00,8.000000000000000444e-01,1.399999999999999911e+00,2.500000000000000000e+01,0.000000000000000000e+00,1.739999999999999503e+01,8.420000000000000284e+01,0.000000000000000000e+00,2.000000000000000111e-01,1.399999999999999911e+00,4.000000000000000222e-01,1.100000000000000000e+01,3.039999999999999858e+01,0.000000000000000000e+00,2.000000000000000111e-01,0.000000000000000000e+00,1.580000000000000071e+01,0.000000000000000000e+00,4.599999999999999645e+00,7.599999999999998757e+00,0.000000000000000000e+00,0.000000000000000000e+00,0.000000000000000000e+00,1.040000000000000036e+01,5.999999999999999778e-01,0.000000000000000000e+00,4.560000000000000142e+01,4.599999999999999645e+00,7.599999999999998757e+00,7.799999999999999822e+00,0.000000000000000000e+00,5.999999999999999778e-01,4.000000000000000222e-01,1.800000000000000044e+00,0.000000000000000000e+00,1.019999999999999929e+01,2.799999999999999822e+00,2.000000000000000111e-01,3.200000000000000178e+00,0.000000000000000000e+00,2.000000000000000111e-01,0.000000000000000000e+00,1.300000000000000000e+01,8.000000000000000444e-01,0.000000000000000000e+00,5.999999999999999778e-01,5.999999999999999778e-01,0.000000000000000000e+00,6.239999999999999858e+01,0.000000000000000000e+00,2.400000000000000000e+01,5.999999999999999778e-01,0.000000000000000000e+00,2.080000000000000071e+01
1.460000000000000142e+01,0.000000000000000000e+00,0.000000000000000000e+00,3.799999999999999822e+00,4.000000000000000222e-01,1.000000000000000000e+00,2.280000000000000071e+01,3.200000000000000178e+00,1.000000000000000000e+00,3.200000000000000178e+00,1.000000000000000000e+00,6.200000000000000178e+00,0.000000000000000000e+00,3.520000000000000284e+01,1.800000000000000000e+01,1.319999999999999929e+01,0.000000000000000000e+00,6.799999999999999822e+00,0.000000000000000000e+00,1.319999999999999929e+01,8.520000000000000284e+01,9.599999999999999645e+00,0.000000000000000000e+00,1.340000000000000036e+01,1.219999999999999929e+01,1.340000000000000036e+01,1.540000000000000036e+01,8.520000000000000284e+01,0.000000000000000000e+00,3.200000000000000178e+00,1.660000000000000142e+01,0.000000000000000000e+00,1.719999999999999929e+01,1.800000000000000044e+00,6.599999999999999645e+00,0.000000000000000000e+00,1.199999999999999956e+00,0.000000000000000000e+00,4.000000000000000222e-01,0.000000000000000000e+00,3.080000000000000071e+01,2.000000000000000000e+00,7.400000000000000355e+00,1.280000000000000071e+01,2.119999999999999929e+01,1.199999999999999956e+00,0.000000000000000000e+00,9.400000000000000355e+00,8.000000000000000444e-01,0.000000000000000000e+00,2.139999999999999858e+01,3.939999999999999858e+01,0.000000000000000000e+00,0.000000000000000000e+00,2.239999999999999858e+01,0.000000000000000000e+00,1.839999999999999858e+01,1.719999999999999929e+01,3.799999999999999822e+00,0.000000000000000000e+00,7.479999999999998295e+01,7.200000000000000178e+00,8.599999999999997868e+00,2.160000000000000142e+01,0.000000000000000000e+00,0.000000000000000000e+00,0.000000000000000000e+00,0.000000000000000000e+00,1.000000000000000000e+01,2.380000000000000071e+01,0.000000000000000000e+00,4.000000000000000000e+00
6.200000000000000178e+00,1.999999999999999833e-01,0.000000000000000000e+00,0.000000000000000000e+00,7.599999999999999645e+00,0.000000000000000000e+00,0.000000000000000000e+00,2.260000000000000142e+01,2.200000000000000178e+00,2.260000000000000142e+01,2.200000000000000178e+00,0.000000000000000000e+00,0.000000000000000000e+00,0.000000000000000000e+00,1.480000000000000071e+01,0.000000000000000000e+00,2.600000000000000089e+00,8.800000000000000711e+00,4.679999999999999716e+01,0.000000000000000000e+00,1.619999999999999929e+01,3.439999999999999858e+01,0.000000000000000000e+00,4.160000000000000142e+01,2.060000000000000142e+01,1.199999999999999956e+00,1.199999999999999956e+00,1.619999999999999929e+01,0.000000000000000000e+00,7.400000000000000355e+00,1.800000000000000044e+00,0.000000000000000000e+00,4.000000000000000222e-01,3.679999999999999716e+01,6.400000000000000355e+00,3.399999999999999467e+00,0.000000000000000000e+00,1.199999999999999956e+00,2.000000000000000000e+01,3.200000000000000178e+00,4.799999999999999822e+00,0.000000000000000000e+00,3.800000000000000266e+00,0.000000000000000000e+00,8.199999999999997513e+00,0.000000000000000000e+00,1.199999999999999956e+00,1.000000000000000000e+00,0.000000000000000000e+00,0.000000000000000000e+00,1.719999999999999929e+01,2.000000000000000111e-01,0.000000000000000000e+00,1.000000000000000000e+00,4.239999999999999858e+01,0.000000000000000000e+00,7.200000000000000178e+00,5.999999999999999778e-01,8.000000000000000444e-01,0.000000000000000000e+00,0.000000000000000000e+00,2.339999999999999858e+01,2.000000000000000111e-01,1.100000000000000000e+01,0.000000000000000000e+00,0.000000000000000000e+00,2.399999999999999911e+00,0.000000000000000000e+00,1.839999999999999858e+01,4.599999999999999645e+00,0.000000000000000000e+00,1.059999999999999964e+01
1.600000000000000089e+00,0.000000000000000000e+00,0.000000000000000000e+00,0.000000000000000000e+00,0.000000000000000000e+00,0.000000000000000000e+00,0.000000000000000000e+00,0.000000000000000000e+00,0.000000000000000000e+00,0.000000000000000000e+00,0.000000000000000000e+00,0.000000000000000000e+00,0.000000000000000000e+00,0.000000000000000000e+00,0.000000000000000000e+00,3.800000000000000000e+01,0.000000000000000000e+00,0.000000000000000000e+00,0.000000000000000000e+00,3.800000000000000000e+01,2.000000000000000111e-01,5.599999999999999645e+00,0.000000000000000000e+00,0.000000000000000000e+00,0.000000000000000000e+00,0.000000000000000000e+00,0.000000000000000000e+00,2.000000000000000111e-01,0.000000000000000000e+00,0.000000000000000000e+00,2.799999999999999822e+00,0.000000000000000000e+00,0.000000000000000000e+00,1.880000000000000071e+01,2.000000000000000111e-01,0.000000000000000000e+00,0.000000000000000000e+00,0.000000000000000000e+00,0.000000000000000000e+00,0.000000000000000000e+00,0.000000000000000000e+00,0.000000000000000000e+00,0.000000000000000000e+00,1.399999999999999911e+00,8.000000000000000444e-01,0.000000000000000000e+00,0.000000000000000000e+00,2.000000000000000111e-01,0.000000000000000000e+00,0.000000000000000000e+00,0.000000000000000000e+00,0.000000000000000000e+00,0.000000000000000000e+00,0.000000000000000000e+00,2.000000000000000389e-01,0.000000000000000000e+00,2.000000000000000111e-01,0.000000000000000000e+00,0.000000000000000000e+00,0.000000000000000000e+00,0.000000000000000000e+00,0.000000000000000000e+00,0.000000000000000000e+00,0.000000000000000000e+00,0.000000000000000000e+00,0.000000000000000000e+00,0.000000000000000000e+00,0.000000000000000000e+00,0.000000000000000000e+00,0.000000000000000000e+00,0.000000000000000000e+00,5.999999999999999778e-01
0.000000000000000000e+00,0.000000000000000000e+00,0.000000000000000000e+00,2.000000000000000111e-01,0.000000000000000000e+00,0.000000000000000000e+00,0.000000000000000000e+00,0.000000000000000000e+00,0.000000000000000000e+00,0.000000000000000000e+00,0.000000000000000000e+00,0.000000000000000000e+00,0.000000000000000000e+00,0.000000000000000000e+00,0.000000000000000000e+00,3.320000000000000284e+01,0.000000000000000000e+00,0.000000000000000000e+00,0.000000000000000000e+00,3.320000000000000284e+01,2.800000000000000000e+01,0.000000000000000000e+00,0.000000000000000000e+00,0.000000000000000000e+00,0.000000000000000000e+00,0.000000000000000000e+00,0.000000000000000000e+00,2.800000000000000000e+01,0.000000000000000000e+00,0.000000000000000000e+00,5.999999999999999778e-01,0.000000000000000000e+00,0.000000000000000000e+00,0.000000000000000000e+00,0.000000000000000000e+00,0.000000000000000000e+00,0.000000000000000000e+00,0.000000000000000000e+00,0.000000000000000000e+00,0.000000000000000000e+00,0.000000000000000000e+00,0.000000000000000000e+00,3.200000000000000178e+00,1.980000000000000071e+01,0.000000000000000000e+00,0.000000000000000000e+00,0.000000000000000000e+00,0.000000000000000000e+00,0.000000000000000000e+00,0.000000000000000000e+00,3.000000000000000000e+00,2.399999999999999911e+00,0.000000000000000000e+00,0.000000000000000000e+00,0.000000000000000000e+00,0.000000000000000000e+00,0.000000000000000000e+00,1.199999999999999956e+00,4.000000000000000222e-01,0.000000000000000000e+00,0.000000000000000000e+00,0.000000000000000000e+00,0.000000000000000000e+00,0.000000000000000000e+00,0.000000000000000000e+00,0.000000000000000000e+00,0.000000000000000000e+00,0.000000000000000000e+00,0.000000000000000000e+00,0.000000000000000000e+00,0.000000000000000000e+00,0.000000000000000000e+00
2.600000000000000089e+00,0.000000000000000000e+00,0.000000000000000000e+00,0.000000000000000000e+00,0.000000000000000000e+00,0.000000000000000000e+00,0.000000000000000000e+00,0.000000000000000000e+00,0.000000000000000000e+00,0.000000000000000000e+00,0.000000000000000000e+00,0.000000000000000000e+00,0.000000000000000000e+00,0.000000000000000000e+00,0.000000000000000000e+00,2.000000000000000111e-01,0.000000000000000000e+00,0.000000000000000000e+00,0.000000000000000000e+00,2.000000000000000111e-01,2.000000000000000111e-01,0.000000000000000000e+00,0.000000000000000000e+00,0.000000000000000000e+00,0.000000000000000000e+00,0.000000000000000000e+00,0.000000000000000000e+00,2.000000000000000111e-01,0.000000000000000000e+00,0.000000000000000000e+00,0.000000000000000000e+00,0.000000000000000000e+00,0.000000000000000000e+00,0.000000000000000000e+00,0.000000000000000000e+00,0.000000000000000000e+00,0.000000000000000000e+00,0.000000000000000000e+00,0.000000000000000000e+00,0.000000000000000000e+00,0.000000000000000000e+00,0.000000000000000000e+00,0.000000000000000000e+00,0.000000000000000000e+00,0.000000000000000000e+00,0.000000000000000000e+00,0.000000000000000000e+00,0.000000000000000000e+00,0.000000000000000000e+00,0.000000000000000000e+00,2.000000000000000111e-01,0.000000000000000000e+00,0.000000000000000000e+00,0.000000000000000000e+00,0.000000000000000000e+00,0.000000000000000000e+00,0.000000000000000000e+00,5.799999999999999822e+00,2.200000000000000178e+00,0.000000000000000000e+00,0.000000000000000000e+00,0.000000000000000000e+00,0.000000000000000000e+00,3.200000000000000178e+00,0.000000000000000000e+00,0.000000000000000000e+00,0.000000000000000000e+00,0.000000000000000000e+00,0.000000000000000000e+00,0.000000000000000000e+00,0.000000000000000000e+00,0.000000000000000000e+00
2.000000000000000111e-01,0.000000000000000000e+00,0.000000000000000000e+00,2.000000000000000000e+00,1.399999999999999911e+00,0.000000000000000000e+00,0.000000000000000000e+00,0.000000000000000000e+00,0.000000000000000000e+00,0.000000000000000000e+00,0.000000000000000000e+00,0.000000000000000000e+00,0.000000000000000000e+00,0.000000000000000000e+00,0.000000000000000000e+00,0.000000000000000000e+00,0.000000000000000000e+00,0.000000000000000000e+00,0.000000000000000000e+00,0.000000000000000000e+00,0.000000000000000000e+00,0.000000000000000000e+00,0.000000000000000000e+00,0.000000000000000000e+00,0.000000000000000000e+00,0.000000000000000000e+00,0.000000000000000000e+00,0.000000000000000000e+00,0.000000000000000000e+00,0.000000000000000000e+00,1.680000000000000071e+01,0.000000000000000000e+00,0.000000000000000000e+00,0.000000000000000000e+00,0.000000000000000000e+00,0.000000000000000000e+00,0.000000000000000000e+00,2.200000000000000178e+00,0.000000000000000000e+00,0.000000000000000000e+00,0.000000000000000000e+00,0.000000000000000000e+00,0.000000000000000000e+00,0.000000000000000000e+00,0.000000000000000000e+00,0.000000000000000000e+00,2.200000000000000178e+00,0.000000000000000000e+00,1.199999999999999956e+00,0.000000000000000000e+00,0.000000000000000000e+00,5.999999999999999778e-01,4.000000000000000222e-01,1.400000000000000133e+00,0.000000000000000000e+00,0.000000000000000000e+00,0.000000000000000000e+00,1.199999999999999956e+00,0.000000000000000000e+00,1.000000000000000000e+00,0.000000000000000000e+00,0.000000000000000000e+00,0.000000000000000000e+00,2.799999999999999822e+00,0.000000000000000000e+00,2.000000000000000111e-01,5.400000000000000355e+00,5.999999999999999778e-01,4.799999999999999822e+00,7.400000000000000355e+00,4.000000000000000222e-01,1.599999999999999867e+00
2.160000000000000142e+01,0.000000000000000000e+00,8.000000000000000444e-01,3.600000000000000089e+00,9.000000000000000000e+00,0.000000000000000000e+00,0.000000000000000000e+00,0.000000000000000000e+00,0.000000000000000000e+00,0.000000000000000000e+00,0.000000000000000000e+00,0.000000000000000000e+00,0.000000000000000000e+00,0.000000000000000000e+00,0.000000000000000000e+00,5.500000000000000000e+01,0.000000000000000000e+00,8.000000000000000444e-01,0.000000000000000000e+00,5.499999999999999289e+01,3.460000000000000142e+01,4.599999999999999645e+00,0.000000000000000000e+00,1.199999999999999956e+00,2.200000000000000178e+00,1.800000000000000044e+00,6.400000000000000355e+00,3.460000000000000142e+01,0.000000000000000000e+00,4.599999999999999645e+00,6.799999999999999822e+00,0.000000000000000000e+00,2.399999999999999911e+00,3.200000000000000178e+00,1.359999999999999964e+01,0.000000000000000000e+00,0.000000000000000000e+00,0.000000000000000000e+00,0.000000000000000000e+00,0.000000000000000000e+00,0.000000000000000000e+00,0.000000000000000000e+00,4.000000000000000222e-01,1.519999999999999929e+01,8.220000000000000284e+01,0.000000000000000000e+00,0.000000000000000000e+00,3.600000000000000089e+00,0.000000000000000000e+00,0.000000000000000000e+00,1.117999999999999829e+02,1.819999999999999929e+01,0.000000000000000000e+00,4.799999999999999822e+00,1.600000000000000311e+00,0.000000000000000000e+00,1.000000000000000000e+00,3.639999999999999858e+01,8.000000000000000444e-01,0.000000000000000000e+00,0.000000000000000000e+00,0.000000000000000000e+00,8.800000000000000711e+00,4.000000000000000222e-01,0.000000000000000000e+00,0.000000000000000000e+00,1.340000000000000036e+01,0.000000000000000000e+00,8.000000000000000444e-01,9.400000000000000355e+00,0.000000000000000000e+00,7.999999999999999334e-01
2.000000000000000111e-01,1.200000000000000000e+01,3.000000000000000000e+00,0.000000000000000000e+00,5.200000000000000178e+00,0.000000000000000000e+00,0.000000000000000000e+00,5.799999999999999822e+00,8.400000000000000355e+00,5.800000000000000711e+00,8.400000000000000355e+00,0.000000000000000000e+00,9.199999999999999289e+00,0.000000000000000000e+00,0.000000000000000000e+00,8.000000000000000444e-01,1.399999999999999911e+00,2.200000000000000178e+00,5.599999999999999645e+00,8.000000000000000444e-01,0.000000000000000000e+00,1.000000000000000000e+00,1.159999999999999964e+01,0.000000000000000000e+00,2.600000000000000089e+00,2.000000000000000111e-01,0.000000000000000000e+00,0.000000000000000000e+00,4.400000000000000355e+00,8.000000000000000444e-01,3.939999999999999858e+01,1.159999999999999787e+01,1.600000000000000089e+00,1.639999999999999503e+01,1.159999999999999964e+01,1.580000000000000071e+01,0.000000000000000000e+00,4.600000000000000000e+01,3.000000000000000000e+00,6.400000000000000355e+00,9.400000000000000355e+00,0.000000000000000000e+00,1.140000000000000036e+01,5.999999999999999778e-01,1.399999999999999911e+00,0.000000000000000000e+00,4.600000000000000000e+01,0.000000000000000000e+00,0.000000000000000000e+00,0.000000000000000000e+00,2.000000000000000111e-01,2.000000000000000111e-01,4.000000000000000000e+00,7.000000000000000000e+00,5.799999999999999822e+00,0.000000000000000000e+00,4.439999999999999858e+01,0.000000000000000000e+00,0.000000000000000000e+00,6.000000000000000000e+00,0.000000000000000000e+00,0.000000000000000000e+00,3.200000000000000178e+00,4.200000000000000178e+00,0.000000000000000000e+00,4.799999999999999822e+00,9.199999999999999289e+00,2.600000000000000089e+00,3.839999999999999858e+01,4.539999999999999858e+01,4.000000000000000000e+00,1.800000000000000044e+00
0.000000000000000000e+00,0.000000000000000000e+00,0.000000000000000000e+00,0.000000000000000000e+00,0.000000000000000000e+00,0.000000000000000000e+00,0.000000000000000000e+00,0.000000000000000000e+00,0.000000000000000000e+00,0.000000000000000000e+00,0.000000000000000000e+00,0.000000000000000000e+00,0.000000000000000000e+00,0.000000000000000000e+00,0.000000000000000000e+00,0.000000000000000000e+00,0.000000000000000000e+00,0.000000000000000000e+00,0.000000000000000000e+00,0.000000000000000000e+00,0.000000000000000000e+00,0.000000000000000000e+00,0.000000000000000000e+00,0.000000000000000000e+00,2.000000000000000111e-01,0.000000000000000000e+00,0.000000000000000000e+00,0.000000000000000000e+00,2.000000000000000111e-01,0.000000000000000000e+00,4.200000000000000178e+00,0.000000000000000000e+00,0.000000000000000000e+00,0.000000000000000000e+00,2.080000000000000071e+01,0.000000000000000000e+00,0.000000000000000000e+00,4.000000000000000222e-01,2.800000000000000266e+00,0.000000000000000000e+00,3.460000000000000142e+01,0.000000000000000000e+00,0.000000000000000000e+00,0.000000000000000000e+00,0.000000000000000000e+00,0.000000000000000000e+00,4.000000000000000222e-01,0.000000000000000000e+00,0.000000000000000000e+00,0.000000000000000000e+00,0.000000000000000000e+00,0.000000000000000000e+00,0.000000000000000000e+00,4.000000000000000222e-01,0.000000000000000000e+00,0.000000000000000000e+00,2.639999999999999858e+01,0.000000000000000000e+00,0.000000000000000000e+00,0.000000000000000000e+00,0.000000000000000000e+00,0.000000000000000000e+00,0.000000000000000000e+00,0.000000000000000000e+00,0.000000000000000000e+00,0.000000000000000000e+00,2.000000000000000111e-01,0.000000000000000000e+00,0.000000000000000000e+00,4.000000000000000222e-01,0.000000000000000000e+00,0.000000000000000000e+00
0.000000000000000000e+00,0.000000000000000000e+00,0.000000000000000000e+00,0.000000000000000000e+00,0.000000000000000000e+00,0.000000000000000000e+00,0.000000000000000000e+00,0.000000000000000000e+00,0.000000000000000000e+00,0.000000000000000000e+00,0.000000000000000000e+00,0.000000000000000000e+00,0.000000000000000000e+00,0.000000000000000000e+00,0.000000000000000000e+00,0.000000000000000000e+00,0.000000000000000000e+00,0.000000000000000000e+00,0.000000000000000000e+00,0.000000000000000000e+00,0.000000000000000000e+00,0.000000000000000000e+00,0.000000000000000000e+00,0.000000000000000000e+00,0.000000000000000000e+00,0.000000000000000000e+00,0.000000000000000000e+00,0.000000000000000000e+00,0.000000000000000000e+00,0.000000000000000000e+00,3.799999999999999822e+00,0.000000000000000000e+00,0.000000000000000000e+00,1.639999999999999503e+01,8.599999999999997868e+00,0.000000000000000000e+00,0.000000000000000000e+00,0.000000000000000000e+00,0.000000000000000000e+00,0.000000000000000000e+00,3.399999999999999911e+00,0.000000000000000000e+00,2.399999999999999911e+00,0.000000000000000000e+00,0.000000000000000000e+00,0.000000000000000000e+00,0.000000000000000000e+00,0.000000000000000000e+00,0.000000000000000000e+00,0.000000000000000000e+00,0.000000000000000000e+00,0.000000000000000000e+00,0.000000000000000000e+00,0.000000000000000000e+00,0.000000000000000000e+00,0.000000000000000000e+00,1.199999999999999956e+00,0.000000000000000000e+00,0.000000000000000000e+00,0.000000000000000000e+00,0.000000000000000000e+00,0.000000000000000000e+00,1.400000000000000133e+00,0.000000000000000000e+00,0.000000000000000000e+00,0.000000000000000000e+00,0.000000000000000000e+00,0.000000000000000000e+00,0.000000000000000000e+00,0.000000000000000000e+00,0.000000000000000000e+00,0.000000000000000000e+00
5.200000000000000178e+00,1.599999999999999867e+00,0.000000000000000000e+00,0.000000000000000000e+00,1.180000000000000071e+01,0.000000000000000000e+00,0.000000000000000000e+00,0.000000000000000000e+00,0.000000000000000000e+00,0.000000000000000000e+00,0.000000000000000000e+00,0.000000000000000000e+00,0.000000000000000000e+00,0.000000000000000000e+00,0.000000000000000000e+00,4.799999999999999822e+00,0.000000000000000000e+00,0.000000000000000000e+00,0.000000000000000000e+00,4.799999999999999822e+00,0.000000000000000000e+00,2.399999999999999911e+00,1.199999999999999956e+00,0.000000000000000000e+00,1.399999999999999911e+00,0.000000000000000000e+00,0.000000000000000000e+00,0.000000000000000000e+00,0.000000000000000000e+00,4.000000000000000222e-01,1.199999999999999956e+00,1.199999999999999956e+00,0.000000000000000000e+00,2.399999999999999911e+00,1.600000000000000089e+00,0.000000000000000000e+00,0.000000000000000000e+00,0.000000000000000000e+00,4.200000000000000178e+00,0.000000000000000000e+00,3.060000000000000142e+01,0.000000000000000000e+00,2.000000000000000000e+00,1.060000000000000142e+01,0.000000000000000000e+00,0.000000000000000000e+00,0.000000000000000000e+00,0.000000000000000000e+00,0.000000000000000000e+00,0.000000000000000000e+00,0.000000000000000000e+00,0.000000000000000000e+00,0.000000000000000000e+00,1.240000000000000036e+01,0.000000000000000000e+00,0.000000000000000000e+00,3.060000000000000142e+01,0.000000000000000000e+00,0.000000000000000000e+00,0.000000000000000000e+00,0.000000000000000000e+00,0.000000000000000000e+00,8.000000000000000444e-01,1.539999999999999858e+01,0.000000000000000000e+00,0.000000000000000000e+00,8.800000000000000711e+00,0.000000000000000000e+00,4.360000000000000142e+01,2.160000000000000142e+01,0.000000000000000000e+00,0.000000000000000000e+00
1.040000000000000036e+01,4.919999999999999574e+01,4.400000000000000355e+00,2.139999999999999858e+01,5.000000000000000000e+00,0.000000000000000000e+00,0.000000000000000000e+00,0.000000000000000000e+00,0.000000000000000000e+00,0.000000000000000000e+00,0.000000000000000000e+00,0.000000000000000000e+00,0.000000000000000000e+00,0.000000000000000000e+00,0.000000000000000000e+00,4.000000000000000222e-01,0.000000000000000000e+00,0.000000000000000000e+00,0.000000000000000000e+00,4.000000000000000222e-01,4.039999999999999858e+01,1.200000000000000000e+01,4.460000000000000142e+01,0.000000000000000000e+00,4.000000000000000222e-01,0.000000000000000000e+00,0.000000000000000000e+00,4.039999999999999858e+01,0.000000000000000000e+00,5.400000000000000355e+00,8.400000000000000355e+00,4.460000000000000142e+01,0.000000000000000000e+00,6.200000000000000178e+00,1.000000000000000000e+00,4.000000000000000777e-01,0.000000000000000000e+00,1.399999999999999911e+00,9.599999999999999645e+00,0.000000000000000000e+00,5.400000000000000355e+00,0.000000000000000000e+00,5.799999999999999822e+00,5.999999999999999778e-01,1.580000000000000071e+01,0.000000000000000000e+00,1.400000000000000133e+00,2.680000000000000071e+01,0.000000000000000000e+00,0.000000000000000000e+00,5.000000000000000000e+00,2.000000000000000000e+00,0.000000000000000000e+00,1.400000000000000133e+00,0.000000000000000000e+00,0.000000000000000000e+00,2.800000000000000000e+01,9.000000000000000000e+00,0.000000000000000000e+00,0.000000000000000000e+00,0.000000000000000000e+00,0.000000000000000000e+00,1.199999999999999956e+00,2.000000000000000111e-01,0.000000000000000000e+00,0.000000000000000000e+00,1.399999999999999911e+00,0.000000000000000000e+00,6.060000000000000142e+01,1.000000000000000000e+00,0.000000000000000000e+00,8.000000000000000000e+00
1.059999999999999964e+01,1.999999999999999833e-01,0.000000000000000000e+00,0.000000000000000000e+00,0.000000000000000000e+00,0.000000000000000000e+00,0.000000000000000000e+00,0.000000000000000000e+00,0.000000000000000000e+00,0.000000000000000000e+00,0.000000000000000000e+00,0.000000000000000000e+00,0.000000000000000000e+00,0.000000000000000000e+00,0.000000000000000000e+00,2.419999999999999929e+01,0.000000000000000000e+00,2.000000000000000111e-01,0.000000000000000000e+00,2.419999999999999929e+01,0.000000000000000000e+00,0.000000000000000000e+00,2.000000000000000111e-01,8.000000000000000444e-01,8.000000000000000444e-01,0.000000000000000000e+00,0.000000000000000000e+00,0.000000000000000000e+00,0.000000000000000000e+00,2.000000000000000111e-01,2.000000000000000111e-01,2.000000000000000111e-01,0.000000000000000000e+00,0.000000000000000000e+00,0.000000000000000000e+00,0.000000000000000000e+00,2.600000000000000089e+00,0.000000000000000000e+00,2.000000000000000111e-01,0.000000000000000000e+00,0.000000000000000000e+00,5.999999999999999778e-01,0.000000000000000000e+00,2.600000000000000089e+00,0.000000000000000000e+00,2.600000000000000089e+00,0.000000000000000000e+00,0.000000000000000000e+00,0.000000000000000000e+00,0.000000000000000000e+00,0.000000000000000000e+00,0.000000000000000000e+00,0.000000000000000000e+00,0.000000000000000000e+00,4.200000000000000178e+00,0.000000000000000000e+00,0.000000000000000000e+00,0.000000000000000000e+00,0.000000000000000000e+00,0.000000000000000000e+00,7.799999999999998934e+00,0.000000000000000000e+00,2.000000000000000111e-01,1.380000000000000071e+01,0.000000000000000000e+00,0.000000000000000000e+00,0.000000000000000000e+00,0.000000000000000000e+00,2.000000000000000111e-01,2.000000000000000111e-01,0.000000000000000000e+00,1.119999999999999929e+01
0.000000000000000000e+00,0.000000000000000000e+00,0.000000000000000000e+00,0.000000000000000000e+00,0.000000000000000000e+00,1.000000000000000000e+00,0.000000000000000000e+00,0.000000000000000000e+00,0.000000000000000000e+00,0.000000000000000000e+00,0.000000000000000000e+00,2.799999999999999822e+00,0.000000000000000000e+00,0.000000000000000000e+00,0.000000000000000000e+00,0.000000000000000000e+00,0.000000000000000000e+00,0.000000000000000000e+00,0.000000000000000000e+00,0.000000000000000000e+00,0.000000000000000000e+00,0.000000000000000000e+00,0.000000000000000000e+00,0.000000000000000000e+00,0.000000000000000000e+00,0.000000000000000000e+00,0.000000000000000000e+00,0.000000000000000000e+00,0.000000000000000000e+00,0.000000000000000000e+00,0.000000000000000000e+00,0.000000000000000000e+00,0.000000000000000000e+00,0.000000000000000000e+00,0.000000000000000000e+00,0.000000000000000000e+00,0.000000000000000000e+00,0.000000000000000000e+00,0.000000000000000000e+00,0.000000000000000000e+00,0.000000000000000000e+00,0.000000000000000000e+00,0.000000000000000000e+00,0.000000000000000000e+00,5.999999999999999778e-01,0.000000000000000000e+00,0.000000000000000000e+00,0.000000000000000000e+00,0.000000000000000000e+00,0.000000000000000000e+00,2.200000000000000178e+00,0.000000000000000000e+00,0.000000000000000000e+00,0.000000000000000000e+00,0.000000000000000000e+00,0.000000000000000000e+00,0.000000000000000000e+00,0.000000000000000000e+00,0.000000000000000000e+00,0.000000000000000000e+00,0.000000000000000000e+00,0.000000000000000000e+00,0.000000000000000000e+00,0.000000000000000000e+00,0.000000000000000000e+00,0.000000000000000000e+00,0.000000000000000000e+00,0.000000000000000000e+00,0.000000000000000000e+00,0.000000000000000000e+00,0.000000000000000000e+00,0.000000000000000000e+00
4.000000000000000222e-01,0.000000000000000000e+00,0.000000000000000000e+00,0.000000000000000000e+00,0.000000000000000000e+00,0.000000000000000000e+00,0.000000000000000000e+00,0.000000000000000000e+00,0.000000000000000000e+00,0.000000000000000000e+00,0.000000000000000000e+00,0.000000000000000000e+00,0.000000000000000000e+00,2.000000000000000111e-01,0.000000000000000000e+00,2.739999999999999858e+01,0.000000000000000000e+00,0.000000000000000000e+00,0.000000000000000000e+00,2.739999999999999858e+01,1.340000000000000036e+01,1.600000000000000311e+00,0.000000000000000000e+00,0.000000000000000000e+00,0.000000000000000000e+00,0.000000000000000000e+00,0.000000000000000000e+00,1.340000000000000036e+01,0.000000000000000000e+00,1.000000000000000000e+00,0.000000000000000000e+00,0.000000000000000000e+00,0.000000000000000000e+00,0.000000000000000000e+00,0.000000000000000000e+00,0.000000000000000000e+00,0.000000000000000000e+00,0.000000000000000000e+00,0.000000000000000000e+00,0.000000000000000000e+00,0.000000000000000000e+00,0.000000000000000000e+00,0.000000000000000000e+00,1.000000000000000000e+00,2.799999999999999822e+00,0.000000000000000000e+00,0.000000000000000000e+00,5.999999999999999778e-01,0.000000000000000000e+00,0.000000000000000000e+00,2.000000000000000000e+00,9.400000000000000355e+00,0.000000000000000000e+00,0.000000000000000000e+00,4.000000000000000777e-01,0.000000000000000000e+00,0.000000000000000000e+00,2.980000000000000071e+01,0.000000000000000000e+00,0.000000000000000000e+00,0.000000000000000000e+00,0.000000000000000000e+00,0.000000000000000000e+00,4.000000000000000222e-01,0.000000000000000000e+00,0.000000000000000000e+00,0.000000000000000000e+00,0.000000000000000000e+00,0.000000000000000000e+00,0.000000000000000000e+00,0.000000000000000000e+00,6.800000000000000711e+00
2.000000000000000111e-01,0.000000000000000000e+00,0.000000000000000000e+00,4.000000000000000222e-01,0.000000000000000000e+00,0.000000000000000000e+00,0.000000000000000000e+00,0.000000000000000000e+00,0.000000000000000000e+00,0.000000000000000000e+00,0.000000000000000000e+00,0.000000000000000000e+00,0.000000000000000000e+00,0.000000000000000000e+00,0.000000000000000000e+00,2.000000000000000111e-01,0.000000000000000000e+00,0.000000000000000000e+00,0.000000000000000000e+00,2.000000000000000111e-01,1.319999999999999929e+01,0.000000000000000000e+00,0.000000000000000000e+00,0.000000000000000000e+00,0.000000000000000000e+00,0.000000000000000000e+00,0.000000000000000000e+00,1.319999999999999929e+01,0.000000000000000000e+00,0.000000000000000000e+00,0.000000000000000000e+00,0.000000000000000000e+00,0.000000000000000000e+00,0.000000000000000000e+00,0.000000000000000000e+00,0.000000000000000000e+00,0.000000000000000000e+00,0.000000000000000000e+00,0.000000000000000000e+00,0.000000000000000000e+00,0.000000000000000000e+00,0.000000000000000000e+00,0.000000000000000000e+00,0.000000000000000000e+00,2.000000000000000111e-01,0.000000000000000000e+00,0.000000000000000000e+00,0.000000000000000000e+00,0.000000000000000000e+00,0.000000000000000000e+00,0.000000000000000000e+00,1.580000000000000071e+01,0.000000000000000000e+00,0.000000000000000000e+00,4.000000000000000777e-01,0.000000000000000000e+00,0.000000000000000000e+00,1.419999999999999929e+01,0.000000000000000000e+00,0.000000000000000000e+00,0.000000000000000000e+00,0.000000000000000000e+00,0.000000000000000000e+00,0.000000000000000000e+00,0.000000000000000000e+00,0.000000000000000000e+00,0.000000000000000000e+00,0.000000000000000000e+00,0.000000000000000000e+00,0.000000000000000000e+00,0.000000000000000000e+00,0.000000000000000000e+00
4.900000000000000000e+01,0.000000000000000000e+00,0.000000000000000000e+00,0.000000000000000000e+00,0.000000000000000000e+00,5.999999999999999778e-01,1.340000000000000036e+01,0.000000000000000000e+00,0.000000000000000000e+00,0.000000000000000000e+00,0.000000000000000000e+00,5.999999999999999778e-01,0.000000000000000000e+00,0.000000000000000000e+00,0.000000000000000000e+00,0.000000000000000000e+00,0.000000000000000000e+00,0.000000000000000000e+00,0.000000000000000000e+00,0.000000000000000000e+00,0.000000000000000000e+00,2.000000000000000389e-01,0.000000000000000000e+00,0.000000000000000000e+00,0.000000000000000000e+00,0.000000000000000000e+00,0.000000000000000000e+00,0.000000000000000000e+00,0.000000000000000000e+00,0.000000000000000000e+00,2.200000000000000178e+00,0.000000000000000000e+00,0.000000000000000000e+00,1.600000000000000089e+00,0.000000000000000000e+00,0.000000000000000000e+00,0.000000000000000000e+00,0.000000000000000000e+00,0.000000000000000000e+00,0.000000000000000000e+00,0.000000000000000000e+00,0.000000000000000000e+00,1.119999999999999929e+01,0.000000000000000000e+00,0.000000000000000000e+00,0.000000000000000000e+00,0.000000000000000000e+00,0.000000000000000000e+00,0.000000000000000000e+00,0.000000000000000000e+00,0.000000000000000000e+00,2.000000000000000111e-01,0.000000000000000000e+00,0.000000000000000000e+00,6.200000000000000178e+00,1.000000000000000000e+00,0.000000000000000000e+00,2.000000000000000111e-01,0.000000000000000000e+00,0.000000000000000000e+00,1.000000000000000000e+00,0.000000000000000000e+00,1.000000000000000000e+00,2.000000000000000000e+00,0.000000000000000000e+00,0.000000000000000000e+00,0.000000000000000000e+00,0.000000000000000000e+00,0.000000000000000000e+00,3.600000000000000089e+00,0.000000000000000000e+00,3.600000000000000089e+00
8.540000000000000568e+01,0.000000000000000000e+00,0.000000000000000000e+00,0.000000000000000000e+00,1.600000000000000000e+01,2.000000000000000111e-01,1.800000000000000044e+00,0.000000000000000000e+00,0.000000000000000000e+00,0.000000000000000000e+00,0.000000000000000000e+00,0.000000000000000000e+00,0.000000000000000000e+00,1.600000000000000089e+00,0.000000000000000000e+00,8.000000000000000444e-01,0.000000000000000000e+00,0.000000000000000000e+00,0.000000000000000000e+00,8.000000000000000444e-01,0.000000000000000000e+00,0.000000000000000000e+00,0.000000000000000000e+00,0.000000000000000000e+00,0.000000000000000000e+00,0.000000000000000000e+00,0.000000000000000000e+00,0.000000000000000000e+00,0.000000000000000000e+00,0.000000000000000000e+00,2.000000000000000111e-01,0.000000000000000000e+00,0.000000000000000000e+00,2.000000000000000000e+00,0.000000000000000000e+00,0.000000000000000000e+00,8.000000000000000444e-01,0.000000000000000000e+00,0.000000000000000000e+00,0.000000000000000000e+00,0.000000000000000000e+00,1.199999999999999956e+00,5.999999999999999778e-01,2.600000000000000089e+00,0.000000000000000000e+00,8.000000000000000444e-01,0.000000000000000000e+00,0.000000000000000000e+00,0.000000000000000000e+00,2.000000000000000000e+00,2.000000000000000111e-01,0.000000000000000000e+00,0.000000000000000000e+00,0.000000000000000000e+00,1.199999999999999956e+00,6.000000000000000000e+00,0.000000000000000000e+00,0.000000000000000000e+00,0.000000000000000000e+00,0.000000000000000000e+00,2.000000000000000111e-01,0.000000000000000000e+00,4.200000000000000178e+00,1.140000000000000036e+01,2.000000000000000000e+00,0.000000000000000000e+00,0.000000000000000000e+00,0.000000000000000000e+00,5.999999999999999778e-01,2.180000000000000071e+01,0.000000000000000000e+00,7.799999999999999822e+00
2.000000000000000111e-01,0.000000000000000000e+00,0.000000000000000000e+00,7.000000000000000000e+00,0.000000000000000000e+00,0.000000000000000000e+00,0.000000000000000000e+00,0.000000000000000000e+00,0.000000000000000000e+00,0.000000000000000000e+00,0.000000000000000000e+00,0.000000000000000000e+00,0.000000000000000000e+00,2.600000000000000089e+00,0.000000000000000000e+00,5.200000000000000178e+00,0.000000000000000000e+00,2.000000000000000111e-01,0.000000000000000000e+00,5.200000000000000178e+00,0.000000000000000000e+00,7.400000000000001243e+00,0.000000000000000000e+00,3.200000000000000178e+00,3.600000000000000089e+00,0.000000000000000000e+00,0.000000000000000000e+00,0.000000000000000000e+00,0.000000000000000000e+00,3.200000000000000178e+00,2.180000000000000071e+01,0.000000000000000000e+00,2.000000000000000000e+00,8.000000000000000444e-01,0.000000000000000000e+00,0.000000000000000000e+00,0.000000000000000000e+00,0.000000000000000000e+00,0.000000000000000000e+00,0.000000000000000000e+00,0.000000000000000000e+00,0.000000000000000000e+00,6.599999999999999645e+00,3.399999999999999911e+00,2.000000000000000111e-01,0.000000000000000000e+00,0.000000000000000000e+00,0.000000000000000000e+00,0.000000000000000000e+00,0.000000000000000000e+00,0.000000000000000000e+00,4.799999999999999822e+00,0.000000000000000000e+00,0.000000000000000000e+00,2.000000000000000389e-01,0.000000000000000000e+00,0.000000000000000000e+00,0.000000000000000000e+00,1.019999999999999929e+01,0.000000000000000000e+00,2.000000000000000111e-01,0.000000000000000000e+00,0.000000000000000000e+00,0.000000000000000000e+00,0.000000000000000000e+00,0.000000000000000000e+00,0.000000000000000000e+00,0.000000000000000000e+00,0.000000000000000000e+00,1.219999999999999929e+01,0.000000000000000000e+00,3.999999999999999667e-01
8.000000000000000444e-01,0.000000000000000000e+00,0.000000000000000000e+00,0.000000000000000000e+00,0.000000000000000000e+00,9.400000000000000355e+00,0.000000000000000000e+00,0.000000000000000000e+00,0.000000000000000000e+00,0.000000000000000000e+00,0.000000000000000000e+00,0.000000000000000000e+00,0.000000000000000000e+00,0.000000000000000000e+00,0.000000000000000000e+00,0.000000000000000000e+00,0.000000000000000000e+00,0.000000000000000000e+00,0.000000000000000000e+00,0.000000000000000000e+00,5.379999999999999716e+01,0.000000000000000000e+00,0.000000000000000000e+00,0.000000000000000000e+00,0.000000000000000000e+00,0.000000000000000000e+00,0.000000000000000000e+00,5.379999999999999716e+01,0.000000000000000000e+00,0.000000000000000000e+00,1.399999999999999911e+00,0.000000000000000000e+00,0.000000000000000000e+00,0.000000000000000000e+00,0.000000000000000000e+00,0.000000000000000000e+00,0.000000000000000000e+00,0.000000000000000000e+00,0.000000000000000000e+00,0.000000000000000000e+00,0.000000000000000000e+00,0.000000000000000000e+00,2.200000000000000178e+00,0.000000000000000000e+00,0.000000000000000000e+00,0.000000000000000000e+00,0.000000000000000000e+00,0.000000000000000000e+00,0.000000000000000000e+00,0.000000000000000000e+00,0.000000000000000000e+00,3.399999999999999911e+00,0.000000000000000000e+00,0.000000000000000000e+00,0.000000000000000000e+00,0.000000000000000000e+00,0.000000000000000000e+00,5.599999999999999645e+00,4.000000000000000222e-01,0.000000000000000000e+00,0.000000000000000000e+00,0.000000000000000000e+00,5.999999999999999778e-01,4.799999999999999822e+00,0.000000000000000000e+00,0.000000000000000000e+00,0.000000000000000000e+00,0.000000000000000000e+00,0.000000000000000000e+00,0.000000000000000000e+00,0.000000000000000000e+00,5.999999999999999778e-01
2.480000000000000071e+01,0.000000000000000000e+00,0.000000000000000000e+00,0.000000000000000000e+00,0.000000000000000000e+00,2.000000000000000111e-01,0.000000000000000000e+00,0.000000000000000000e+00,0.000000000000000000e+00,0.000000000000000000e+00,0.000000000000000000e+00,0.000000000000000000e+00,0.000000000000000000e+00,0.000000000000000000e+00,0.000000000000000000e+00,0.000000000000000000e+00,0.000000000000000000e+00,0.000000000000000000e+00,0.000000000000000000e+00,0.000000000000000000e+00,1.800000000000000044e+00,0.000000000000000000e+00,0.000000000000000000e+00,0.000000000000000000e+00,0.000000000000000000e+00,0.000000000000000000e+00,0.000000000000000000e+00,1.800000000000000044e+00,0.000000000000000000e+00,0.000000000000000000e+00,0.000000000000000000e+00,0.000000000000000000e+00,0.000000000000000000e+00,0.000000000000000000e+00,0.000000000000000000e+00,0.000000000000000000e+00,0.000000000000000000e+00,0.000000000000000000e+00,0.000000000000000000e+00,0.000000000000000000e+00,0.000000000000000000e+00,0.000000000000000000e+00,0.000000000000000000e+00,0.000000000000000000e+00,0.000000000000000000e+00,0.000000000000000000e+00,0.000000000000000000e+00,0.000000000000000000e+00,0.000000000000000000e+00,0.000000000000000000e+00,1.359999999999999964e+01,2.780000000000000071e+01,0.000000000000000000e+00,0.000000000000000000e+00,0.000000000000000000e+00,0.000000000000000000e+00,0.000000000000000000e+00,7.400000000000000355e+00,1.000000000000000000e+00,0.000000000000000000e+00,0.000000000000000000e+00,0.000000000000000000e+00,0.000000000000000000e+00,0.000000000000000000e+00,0.000000000000000000e+00,0.000000000000000000e+00,0.000000000000000000e+00,0.000000000000000000e+00,0.000000000000000000e+00,0.000000000000000000e+00,0.000000000000000000e+00,7.999999999999999334e-01
0.000000000000000000e+00,0.000000000000000000e+00,0.000000000000000000e+00,0.000000000000000000e+00,0.000000000000000000e+00,0.000000000000000000e+00,0.000000000000000000e+00,0.000000000000000000e+00,0.000000000000000000e+00,0.000000000000000000e+00,0.000000000000000000e+00,0.000000000000000000e+00,0.000000000000000000e+00,0.000000000000000000e+00,0.000000000000000000e+00,8.000000000000000444e-01,0.000000000000000000e+00,0.000000000000000000e+00,0.000000000000000000e+00,8.000000000000000444e-01,0.000000000000000000e+00,0.000000000000000000e+00,0.000000000000000000e+00,0.000000000000000000e+00,0.000000000000000000e+00,0.000000000000000000e+00,0.000000000000000000e+00,0.000000000000000000e+00,0.000000000000000000e+00,0.000000000000000000e+00,0.000000000000000000e+00,0.000000000000000000e+00,0.000000000000000000e+00,0.000000000000000000e+00,0.000000000000000000e+00,0.000000000000000000e+00,0.000000000000000000e+00,0.000000000000000000e+00,0.000000000000000000e+00,0.000000000000000000e+00,0.000000000000000000e+00,0.000000000000000000e+00,0.000000000000000000e+00,0.000000000000000000e+00,8.000000000000000444e-01,0.000000000000000000e+00,0.000000000000000000e+00,0.000000000000000000e+00,0.000000000000000000e+00,0.000000000000000000e+00,2.000000000000000111e-01,0.000000000000000000e+00,0.000000000000000000e+00,0.000000000000000000e+00,0.000000000000000000e+00,0.000000000000000000e+00,0.000000000000000000e+00,0.000000000000000000e+00,0.000000000000000000e+00,0.000000000000000000e+00,0.000000000000000000e+00,0.000000000000000000e+00,0.000000000000000000e+00,0.000000000000000000e+00,0.000000000000000000e+00,0.000000000000000000e+00,0.000000000000000000e+00,0.000000000000000000e+00,0.000000000000000000e+00,0.000000000000000000e+00,0.000000000000000000e+00,0.000000000000000000e+00
0.000000000000000000e+00,0.000000000000000000e+00,0.000000000000000000e+00,0.000000000000000000e+00,0.000000000000000000e+00,0.000000000000000000e+00,0.000000000000000000e+00,0.000000000000000000e+00,0.000000000000000000e+00,0.000000000000000000e+00,0.000000000000000000e+00,0.000000000000000000e+00,0.000000000000000000e+00,0.000000000000000000e+00,0.000000000000000000e+00,0.000000000000000000e+00,0.000000000000000000e+00,0.000000000000000000e+00,0.000000000000000000e+00,0.000000000000000000e+00,0.000000000000000000e+00,0.000000000000000000e+00,0.000000000000000000e+00,0.000000000000000000e+00,0.000000000000000000e+00,0.000000000000000000e+00,0.000000000000000000e+00,0.000000000000000000e+00,0.000000000000000000e+00,0.000000000000000000e+00,0.000000000000000000e+00,0.000000000000000000e+00,0.000000000000000000e+00,0.000000000000000000e+00,0.000000000000000000e+00,0.000000000000000000e+00,0.000000000000000000e+00,0.000000000000000000e+00,0.000000000000000000e+00,0.000000000000000000e+00,0.000000000000000000e+00,0.000000000000000000e+00,0.000000000000000000e+00,0.000000000000000000e+00,0.000000000000000000e+00,0.000000000000000000e+00,0.000000000000000000e+00,0.000000000000000000e+00,0.000000000000000000e+00,0.000000000000000000e+00,0.000000000000000000e+00,0.000000000000000000e+00,0.000000000000000000e+00,0.000000000000000000e+00,0.000000000000000000e+00,0.000000000000000000e+00,0.000000000000000000e+00,0.000000000000000000e+00,0.000000000000000000e+00,0.000000000000000000e+00,0.000000000000000000e+00,0.000000000000000000e+00,0.000000000000000000e+00,0.000000000000000000e+00,0.000000000000000000e+00,0.000000000000000000e+00,0.000000000000000000e+00,0.000000000000000000e+00,0.000000000000000000e+00,0.000000000000000000e+00,0.000000000000000000e+00,0.000000000000000000e+00
0.000000000000000000e+00,0.000000000000000000e+00,0.000000000000000000e+00,0.000000000000000000e+00,0.000000000000000000e+00,0.000000000000000000e+00,0.000000000000000000e+00,0.000000000000000000e+00,0.000000000000000000e+00,0.000000000000000000e+00,0.000000000000000000e+00,0.000000000000000000e+00,0.000000000000000000e+00,0.000000000000000000e+00,0.000000000000000000e+00,0.000000000000000000e+00,0.000000000000000000e+00,0.000000000000000000e+00,0.000000000000000000e+00,0.000000000000000000e+00,0.000000000000000000e+00,0.000000000000000000e+00,0.000000000000000000e+00,0.000000000000000000e+00,0.000000000000000000e+00,0.000000000000000000e+00,0.000000000000000000e+00,0.000000000000000000e+00,0.000000000000000000e+00,0.000000000000000000e+00,0.000000000000000000e+00,0.000000000000000000e+00,0.000000000000000000e+00,0.000000000000000000e+00,0.000000000000000000e+00,0.000000000000000000e+00,0.000000000000000000e+00,0.000000000000000000e+00,0.000000000000000000e+00,0.000000000000000000e+00,0.000000000000000000e+00,0.000000000000000000e+00,0.000000000000000000e+00,0.000000000000000000e+00,0.000000000000000000e+00,0.000000000000000000e+00,0.000000000000000000e+00,0.000000000000000000e+00,0.000000000000000000e+00,0.000000000000000000e+00,0.000000000000000000e+00,0.000000000000000000e+00,0.000000000000000000e+00,0.000000000000000000e+00,0.000000000000000000e+00,0.000000000000000000e+00,0.000000000000000000e+00,0.000000000000000000e+00,0.000000000000000000e+00,0.000000000000000000e+00,0.000000000000000000e+00,0.000000000000000000e+00,0.000000000000000000e+00,0.000000000000000000e+00,0.000000000000000000e+00,0.000000000000000000e+00,0.000000000000000000e+00,0.000000000000000000e+00,0.000000000000000000e+00,0.000000000000000000e+00,0.000000000000000000e+00,0.000000000000000000e+00
0.000000000000000000e+00,0.000000000000000000e+00,0.000000000000000000e+00,0.000000000000000000e+00,0.000000000000000000e+00,0.000000000000000000e+00,0.000000000000000000e+00,0.000000000000000000e+00,0.000000000000000000e+00,0.000000000000000000e+00,0.000000000000000000e+00,0.000000000000000000e+00,0.000000000000000000e+00,0.000000000000000000e+00,0.000000000000000000e+00,0.000000000000000000e+00,0.000000000000000000e+00,0.000000000000000000e+00,0.000000000000000000e+00,0.000000000000000000e+00,0.000000000000000000e+00,0.000000000000000000e+00,0.000000000000000000e+00,0.000000000000000000e+00,0.000000000000000000e+00,0.000000000000000000e+00,0.000000000000000000e+00,0.000000000000000000e+00,0.000000000000000000e+00,0.000000000000000000e+00,0.000000000000000000e+00,0.000000000000000000e+00,0.000000000000000000e+00,0.000000000000000000e+00,0.000000000000000000e+00,0.000000000000000000e+00,0.000000000000000000e+00,0.000000000000000000e+00,0.000000000000000000e+00,0.000000000000000000e+00,0.000000000000000000e+00,0.000000000000000000e+00,0.000000000000000000e+00,0.000000000000000000e+00,0.000000000000000000e+00,0.000000000000000000e+00,0.000000000000000000e+00,0.000000000000000000e+00,0.000000000000000000e+00,0.000000000000000000e+00,0.000000000000000000e+00,0.000000000000000000e+00,0.000000000000000000e+00,0.000000000000000000e+00,0.000000000000000000e+00,0.000000000000000000e+00,0.000000000000000000e+00,0.000000000000000000e+00,0.000000000000000000e+00,0.000000000000000000e+00,0.000000000000000000e+00,0.000000000000000000e+00,0.000000000000000000e+00,0.000000000000000000e+00,0.000000000000000000e+00,0.000000000000000000e+00,0.000000000000000000e+00,0.000000000000000000e+00,0.000000000000000000e+00,0.000000000000000000e+00,0.000000000000000000e+00,0.000000000000000000e+00
0.000000000000000000e+00,0.000000000000000000e+00,0.000000000000000000e+00,0.000000000000000000e+00,0.000000000000000000e+00,0.000000000000000000e+00,0.000000000000000000e+00,0.000000000000000000e+00,0.000000000000000000e+00,0.000000000000000000e+00,0.000000000000000000e+00,0.000000000000000000e+00,0.000000000000000000e+00,0.000000000000000000e+00,0.000000000000000000e+00,0.000000000000000000e+00,0.000000000000000000e+00,0.000000000000000000e+00,0.000000000000000000e+00,0.000000000000000000e+00,0.000000000000000000e+00,0.000000000000000000e+00,0.000000000000000000e+00,0.000000000000000000e+00,0.000000000000000000e+00,0.000000000000000000e+00,0.000000000000000000e+00,0.000000000000000000e+00,0.000000000000000000e+00,0.000000000000000000e+00,0.000000000000000000e+00,0.000000000000000000e+00,0.000000000000000000e+00,0.000000000000000000e+00,0.000000000000000000e+00,0.000000000000000000e+00,0.000000000000000000e+00,0.000000000000000000e+00,0.000000000000000000e+00,0.000000000000000000e+00,0.000000000000000000e+00,0.000000000000000000e+00,0.000000000000000000e+00,0.000000000000000000e+00,0.000000000000000000e+00,0.000000000000000000e+00,0.000000000000000000e+00,0.000000000000000000e+00,0.000000000000000000e+00,0.000000000000000000e+00,0.000000000000000000e+00,0.000000000000000000e+00,0.000000000000000000e+00,0.000000000000000000e+00,0.000000000000000000e+00,0.000000000000000000e+00,0.000000000000000000e+00,0.000000000000000000e+00,0.000000000000000000e+00,0.000000000000000000e+00,0.000000000000000000e+00,0.000000000000000000e+00,0.000000000000000000e+00,0.000000000000000000e+00,0.000000000000000000e+00,0.000000000000000000e+00,0.000000000000000000e+00,0.000000000000000000e+00,0.000000000000000000e+00,0.000000000000000000e+00,0.000000000000000000e+00,0.000000000000000000e+00
1.319999999999999929e+01,0.000000000000000000e+00,1.600000000000000089e+00,0.000000000000000000e+00,1.760000000000000142e+01,1.700000000000000000e+01,1.540000000000000213e+01,0.000000000000000000e+00,0.000000000000000000e+00,0.000000000000000000e+00,0.000000000000000000e+00,0.000000000000000000e+00,0.000000000000000000e+00,0.000000000000000000e+00,0.000000000000000000e+00,1.600000000000000000e+01,0.000000000000000000e+00,0.000000000000000000e+00,0.000000000000000000e+00,1.600000000000000000e+01,1.580000000000000249e+01,2.000000000000000389e-01,5.999999999999999778e-01,0.000000000000000000e+00,0.000000000000000000e+00,0.000000000000000000e+00,0.000000000000000000e+00,1.580000000000000071e+01,0.000000000000000000e+00,0.000000000000000000e+00,2.180000000000000071e+01,5.999999999999999778e-01,0.000000000000000000e+00,1.199999999999999956e+00,7.799999999999999822e+00,0.000000000000000000e+00,0.000000000000000000e+00,0.000000000000000000e+00,0.000000000000000000e+00,0.000000000000000000e+00,4.400000000000000355e+00,0.000000000000000000e+00,1.219999999999999929e+01,3.239999999999999858e+01,5.200000000000000178e+00,0.000000000000000000e+00,0.000000000000000000e+00,5.599999999999999645e+00,0.000000000000000000e+00,0.000000000000000000e+00,0.000000000000000000e+00,2.700000000000000000e+01,1.000000000000000000e+00,4.200000000000000178e+00,3.200000000000000622e+00,6.400000000000000355e+00,7.599999999999998757e+00,0.000000000000000000e+00,0.000000000000000000e+00,0.000000000000000000e+00,0.000000000000000000e+00,0.000000000000000000e+00,2.420000000000000284e+01,2.539999999999999858e+01,0.000000000000000000e+00,1.600000000000000089e+00,7.599999999999997868e+00,1.199999999999999956e+00,9.499999999999998579e+01,6.599999999999999645e+00,1.000000000000000000e+00,0.000000000000000000e+00
1.960000000000000142e+01,0.000000000000000000e+00,0.000000000000000000e+00,0.000000000000000000e+00,0.000000000000000000e+00,8.000000000000000444e-01,0.000000000000000000e+00,0.000000000000000000e+00,0.000000000000000000e+00,0.000000000000000000e+00,0.000000000000000000e+00,0.000000000000000000e+00,0.000000000000000000e+00,4.799999999999999822e+00,0.000000000000000000e+00,0.000000000000000000e+00,0.000000000000000000e+00,0.000000000000000000e+00,0.000000000000000000e+00,0.000000000000000000e+00,0.000000000000000000e+00,4.000000000000000777e-01,2.000000000000000111e-01,0.000000000000000000e+00,0.000000000000000000e+00,0.000000000000000000e+00,0.000000000000000000e+00,0.000000000000000000e+00,0.000000000000000000e+00,0.000000000000000000e+00,0.000000000000000000e+00,2.000000000000000111e-01,1.059999999999999964e+01,4.400000000000000355e+00,0.000000000000000000e+00,0.000000000000000000e+00,3.000000000000000000e+00,0.000000000000000000e+00,0.000000000000000000e+00,0.000000000000000000e+00,0.000000000000000000e+00,4.000000000000000222e-01,0.000000000000000000e+00,4.000000000000000222e-01,0.000000000000000000e+00,3.000000000000000000e+00,0.000000000000000000e+00,0.000000000000000000e+00,0.000000000000000000e+00,2.000000000000000000e+01,0.000000000000000000e+00,0.000000000000000000e+00,0.000000000000000000e+00,0.000000000000000000e+00,5.000000000000000000e+00,4.000000000000000222e-01,0.000000000000000000e+00,0.000000000000000000e+00,0.000000000000000000e+00,0.000000000000000000e+00,1.180000000000000071e+01,0.000000000000000000e+00,0.000000000000000000e+00,1.800000000000000044e+00,2.000000000000000000e+01,0.000000000000000000e+00,0.000000000000000000e+00,0.000000000000000000e+00,0.000000000000000000e+00,0.000000000000000000e+00,0.000000000000000000e+00,1.739999999999999503e+01
0.000000000000000000e+00,0.000000000000000000e+00,0.000000000000000000e+00,0.000000000000000000e+00,0.000000000000000000e+00,0.000000000000000000e+00,0.000000000000000000e+00,0.000000000000000000e+00,0.000000000000000000e+00,0.000000000000000000e+00,0.000000000000000000e+00,0.000000000000000000e+00,8.000000000000000444e-01,0.000000000000000000e+00,0.000000000000000000e+00,0.000000000000000000e+00,0.000000000000000000e+00,4.000000000000000222e-01,0.000000000000000000e+00,0.000000000000000000e+00,0.000000000000000000e+00,0.000000000000000000e+00,0.000000000000000000e+00,0.000000000000000000e+00,2.000000000000000111e-01,0.000000000000000000e+00,0.000000000000000000e+00,0.000000000000000000e+00,0.000000000000000000e+00,0.000000000000000000e+00,0.000000000000000000e+00,0.000000000000000000e+00,0.000000000000000000e+00,0.000000000000000000e+00,0.000000000000000000e+00,0.000000000000000000e+00,0.000000000000000000e+00,0.000000000000000000e+00,0.000000000000000000e+00,0.000000000000000000e+00,0.000000000000000000e+00,0.000000000000000000e+00,0.000000000000000000e+00,0.000000000000000000e+00,0.000000000000000000e+00,0.000000000000000000e+00,0.000000000000000000e+00,0.000000000000000000e+00,4.000000000000000222e-01,0.000000000000000000e+00,0.000000000000000000e+00,0.000000000000000000e+00,0.000000000000000000e+00,0.000000000000000000e+00,2.000000000000000389e-01,0.000000000000000000e+00,0.000000000000000000e+00,0.000000000000000000e+00,0.000000000000000000e+00,0.000000000000000000e+00,0.000000000000000000e+00,0.000000000000000000e+00,0.000000000000000000e+00,4.000000000000000222e-01,0.000000000000000000e+00,6.599999999999999645e+00,0.000000000000000000e+00,2.760000000000000142e+01,0.000000000000000000e+00,0.000000000000000000e+00,0.000000000000000000e+00,1.999999999999999833e-01
3.799999999999999378e+00,0.000000000000000000e+00,0.000000000000000000e+00,1.000000000000000000e+00,0.000000000000000000e+00,0.000000000000000000e+00,0.000000000000000000e+00,0.000000000000000000e+00,0.000000000000000000e+00,0.000000000000000000e+00,0.000000000000000000e+00,0.000000000000000000e+00,0.000000000000000000e+00,0.000000000000000000e+00,0.000000000000000000e+00,6.400000000000000355e+00,0.000000000000000000e+00,0.000000000000000000e+00,0.000000000000000000e+00,6.400000000000000355e+00,4.820000000000000284e+01,4.799999999999999822e+00,0.000000000000000000e+00,0.000000000000000000e+00,0.000000000000000000e+00,1.199999999999999956e+00,1.800000000000000044e+00,4.820000000000000284e+01,0.000000000000000000e+00,2.200000000000000178e+00,4.000000000000000222e-01,0.000000000000000000e+00,0.000000000000000000e+00,5.000000000000000000e+01,0.000000000000000000e+00,0.000000000000000000e+00,0.000000000000000000e+00,0.000000000000000000e+00,0.000000000000000000e+00,0.000000000000000000e+00,0.000000000000000000e+00,0.000000000000000000e+00,4.400000000000000355e+00,0.000000000000000000e+00,2.480000000000000426e+01,0.000000000000000000e+00,0.000000000000000000e+00,1.600000000000000089e+00,0.000000000000000000e+00,0.000000000000000000e+00,1.080000000000000071e+01,4.320000000000000284e+01,0.000000000000000000e+00,0.000000000000000000e+00,0.000000000000000000e+00,0.000000000000000000e+00,1.180000000000000071e+01,3.100000000000000000e+01,1.600000000000000089e+00,0.000000000000000000e+00,2.000000000000000111e-01,0.000000000000000000e+00,0.000000000000000000e+00,0.000000000000000000e+00,0.000000000000000000e+00,0.000000000000000000e+00,2.000000000000000111e-01,0.000000000000000000e+00,0.000000000000000000e+00,4.000000000000000000e+00,0.000000000000000000e+00,0.000000000000000000e+00
2.799999999999999822e+00,0.000000000000000000e+00,0.000000000000000000e+00,0.000000000000000000e+00,0.000000000000000000e+00,0.000000000000000000e+00,0.000000000000000000e+00,0.000000000000000000e+00,0.000000000000000000e+00,0.000000000000000000e+00,0.000000000000000000e+00,0.000000000000000000e+00,0.000000000000000000e+00,0.000000000000000000e+00,0.000000000000000000e+00,5.999999999999999778e-01,0.000000000000000000e+00,0.000000000000000000e+00,0.000000000000000000e+00,5.999999999999999778e-01,2.600000000000000089e+00,0.000000000000000000e+00,0.000000000000000000e+00,0.000000000000000000e+00,0.000000000000000000e+00,0.000000000000000000e+00,0.000000000000000000e+00,2.600000000000000089e+00,0.000000000000000000e+00,0.000000000000000000e+00,5.999999999999999778e-01,0.000000000000000000e+00,0.000000000000000000e+00,5.999999999999999778e-01,0.000000000000000000e+00,0.000000000000000000e+00,0.000000000000000000e+00,0.000000000000000000e+00,0.000000000000000000e+00,0.000000000000000000e+00,0.000000000000000000e+00,0.000000000000000000e+00,2.000000000000000111e-01,6.599999999999999645e+00,0.000000000000000000e+00,0.000000000000000000e+00,0.000000000000000000e+00,0.000000000000000000e+00,0.000000000000000000e+00,0.000000000000000000e+00,0.000000000000000000e+00,5.420000000000000284e+01,0.000000000000000000e+00,2.399999999999999911e+00,0.000000000000000000e+00,2.000000000000000111e-01,0.000000000000000000e+00,0.000000000000000000e+00,0.000000000000000000e+00,0.000000000000000000e+00,0.000000000000000000e+00,0.000000000000000000e+00,0.000000000000000000e+00,7.200000000000000178e+00,0.000000000000000000e+00,0.000000000000000000e+00,0.000000000000000000e+00,0.000000000000000000e+00,2.600000000000000089e+00,0.000000000000000000e+00,0.000000000000000000e+00,0.000000000000000000e+00
2.639999999999999858e+01,0.000000000000000000e+00,0.000000000000000000e+00,0.000000000000000000e+00,0.000000000000000000e+00,0.000000000000000000e+00,7.599999999999998757e+00,0.000000000000000000e+00,0.000000000000000000e+00,0.000000000000000000e+00,0.000000000000000000e+00,0.000000000000000000e+00,0.000000000000000000e+00,0.000000000000000000e+00,0.000000000000000000e+00,1.480000000000000071e+01,0.000000000000000000e+00,0.000000000000000000e+00,0.000000000000000000e+00,1.480000000000000071e+01,1.000000000000000000e+00,0.000000000000000000e+00,0.000000000000000000e+00,0.000000000000000000e+00,0.000000000000000000e+00,0.000000000000000000e+00,0.000000000000000000e+00,1.000000000000000000e+00,0.000000000000000000e+00,0.000000000000000000e+00,0.000000000000000000e+00,0.000000000000000000e+00,0.000000000000000000e+00,0.000000000000000000e+00,0.000000000000000000e+00,0.000000000000000000e+00,3.200000000000000178e+00,0.000000000000000000e+00,0.000000000000000000e+00,0.000000000000000000e+00,0.000000000000000000e+00,1.660000000000000142e+01,0.000000000000000000e+00,1.399999999999999911e+00,0.000000000000000000e+00,3.200000000000000178e+00,0.000000000000000000e+00,0.000000000000000000e+00,0.000000000000000000e+00,0.000000000000000000e+00,2.000000000000000111e-01,3.799999999999999822e+00,0.000000000000000000e+00,0.000000000000000000e+00,0.000000000000000000e+00,0.000000000000000000e+00,0.000000000000000000e+00,0.000000000000000000e+00,0.000000000000000000e+00,0.000000000000000000e+00,0.000000000000000000e+00,0.000000000000000000e+00,0.000000000000000000e+00,2.000000000000000000e+00,0.000000000000000000e+00,0.000000000000000000e+00,0.000000000000000000e+00,0.000000000000000000e+00,0.000000000000000000e+00,0.000000000000000000e+00,0.000000000000000000e+00,3.000000000000000000e+00
0.000000000000000000e+00,0.000000000000000000e+00,0.000000000000000000e+00,0.000000000000000000e+00,0.000000000000000000e+00,0.000000000000000000e+00,0.000000000000000000e+00,0.000000000000000000e+00,0.000000000000000000e+00,0.000000000000000000e+00,0.000000000000000000e+00,0.000000000000000000e+00,0.000000000000000000e+00,0.000000000000000000e+00,0.000000000000000000e+00,2.000000000000000111e-01,0.000000000000000000e+00,0.000000000000000000e+00,0.000000000000000000e+00,2.000000000000000111e-01,0.000000000000000000e+00,4.000000000000000777e-01,0.000000000000000000e+00,0.000000000000000000e+00,0.000000000000000000e+00,0.000000000000000000e+00,0.000000000000000000e+00,0.000000000000000000e+00,2.000000000000000111e-01,0.000000000000000000e+00,0.000000000000000000e+00,0.000000000000000000e+00,0.000000000000000000e+00,0.000000000000000000e+00,0.000000000000000000e+00,0.000000000000000000e+00,2.000000000000000111e-01,0.000000000000000000e+00,0.000000000000000000e+00,0.000000000000000000e+00,0.000000000000000000e+00,2.000000000000000111e-01,0.000000000000000000e+00,0.000000000000000000e+00,1.000000000000000000e+00,2.000000000000000111e-01,0.000000000000000000e+00,0.000000000000000000e+00,0.000000000000000000e+00,0.000000000000000000e+00,3.200000000000000178e+00,1.600000000000000089e+00,0.000000000000000000e+00,0.000000000000000000e+00,0.000000000000000000e+00,0.000000000000000000e+00,2.200000000000000178e+00,1.140000000000000036e+01,0.000000000000000000e+00,0.000000000000000000e+00,0.000000000000000000e+00,0.000000000000000000e+00,0.000000000000000000e+00,0.000000000000000000e+00,0.000000000000000000e+00,0.000000000000000000e+00,0.000000000000000000e+00,0.000000000000000000e+00,0.000000000000000000e+00,0.000000000000000000e+00,0.000000000000000000e+00,0.000000000000000000e+00
0.000000000000000000e+00,0.000000000000000000e+00,0.000000000000000000e+00,0.000000000000000000e+00,0.000000000000000000e+00,0.000000000000000000e+00,0.000000000000000000e+00,0.000000000000000000e+00,0.000000000000000000e+00,0.000000000000000000e+00,0.000000000000000000e+00,0.000000000000000000e+00,0.000000000000000000e+00,0.000000000000000000e+00,0.000000000000000000e+00,0.000000000000000000e+00,0.000000000000000000e+00,0.000000000000000000e+00,2.000000000000000111e-01,0.000000000000000000e+00,0.000000000000000000e+00,0.000000000000000000e+00,0.000000000000000000e+00,0.000000000000000000e+00,0.000000000000000000e+00,0.000000000000000000e+00,0.000000000000000000e+00,0.000000000000000000e+00,0.000000000000000000e+00,0.000000000000000000e+00,2.000000000000000111e-01,0.000000000000000000e+00,0.000000000000000000e+00,0.000000000000000000e+00,0.000000000000000000e+00,0.000000000000000000e+00,0.000000000000000000e+00,0.000000000000000000e+00,0.000000000000000000e+00,0.000000000000000000e+00,0.000000000000000000e+00,0.000000000000000000e+00,0.000000000000000000e+00,0.000000000000000000e+00,0.000000000000000000e+00,0.000000000000000000e+00,0.000000000000000000e+00,0.000000000000000000e+00,1.440000000000000036e+01,0.000000000000000000e+00,0.000000000000000000e+00,0.000000000000000000e+00,0.000000000000000000e+00,0.000000000000000000e+00,0.000000000000000000e+00,0.000000000000000000e+00,1.399999999999999911e+00,0.000000000000000000e+00,0.000000000000000000e+00,0.000000000000000000e+00,0.000000000000000000e+00,0.000000000000000000e+00,0.000000000000000000e+00,0.000000000000000000e+00,0.000000000000000000e+00,0.000000000000000000e+00,0.000000000000000000e+00,0.000000000000000000e+00,0.000000000000000000e+00,0.000000000000000000e+00,0.000000000000000000e+00,0.000000000000000000e+00
0.000000000000000000e+00,0.000000000000000000e+00,1.479999999999999893e+01,0.000000000000000000e+00,1.719999999999999929e+01,0.000000000000000000e+00,0.000000000000000000e+00,5.999999999999999778e-01,3.399999999999999911e+00,5.999999999999999778e-01,3.399999999999999911e+00,0.000000000000000000e+00,9.199999999999999289e+00,0.000000000000000000e+00,0.000000000000000000e+00,0.000000000000000000e+00,0.000000000000000000e+00,0.000000000000000000e+00,2.000000000000000111e-01,0.000000000000000000e+00,0.000000000000000000e+00,0.000000000000000000e+00,0.000000000000000000e+00,0.000000000000000000e+00,0.000000000000000000e+00,0.000000000000000000e+00,0.000000000000000000e+00,0.000000000000000000e+00,2.139999999999999858e+01,0.000000000000000000e+00,8.059999999999998010e+01,0.000000000000000000e+00,0.000000000000000000e+00,7.000000000000000000e+00,2.600000000000000089e+00,0.000000000000000000e+00,0.000000000000000000e+00,2.000000000000000111e-01,0.000000000000000000e+00,1.600000000000000000e+01,0.000000000000000000e+00,0.000000000000000000e+00,2.000000000000000000e+00,0.000000000000000000e+00,0.000000000000000000e+00,0.000000000000000000e+00,2.000000000000000111e-01,0.000000000000000000e+00,4.979999999999999716e+01,0.000000000000000000e+00,0.000000000000000000e+00,0.000000000000000000e+00,2.300000000000000000e+01,2.719999999999999929e+01,0.000000000000000000e+00,0.000000000000000000e+00,2.000000000000000111e-01,0.000000000000000000e+00,0.000000000000000000e+00,1.440000000000000036e+01,0.000000000000000000e+00,0.000000000000000000e+00,0.000000000000000000e+00,5.999999999999999778e-01,0.000000000000000000e+00,1.980000000000000071e+01,2.480000000000000071e+01,2.239999999999999858e+01,1.000000000000000000e+00,1.300000000000000000e+01,2.300000000000000000e+01,0.000000000000000000e+00
1.580000000000000249e+01,0.000000000000000000e+00,1.488000000000000114e+02,0.000000000000000000e+00,9.159999999999999432e+01,0.000000000000000000e+00,0.000000000000000000e+00,6.220000000000000284e+01,7.340000000000000568e+01,6.220000000000000284e+01,7.340000000000000568e+01,0.000000000000000000e+00,1.720000000000000000e+02,0.000000000000000000e+00,5.999999999999999778e-01,5.400000000000000355e+00,0.000000000000000000e+00,3.600000000000000089e+00,6.360000000000000142e+01,5.400000000000000355e+00,0.000000000000000000e+00,3.599999999999999645e+00,5.339999999999999858e+01,3.600000000000000089e+00,3.399999999999999911e+00,0.000000000000000000e+00,0.000000000000000000e+00,0.000000000000000000e+00,1.538000000000000114e+02,4.000000000000000222e-01,6.559999999999999432e+01,5.339999999999999858e+01,2.000000000000000111e-01,2.200000000000000000e+01,3.500000000000000000e+01,4.060000000000000142e+01,0.000000000000000000e+00,8.300000000000000000e+01,4.879999999999999716e+01,1.134000000000000057e+02,3.060000000000000142e+01,0.000000000000000000e+00,3.360000000000000142e+01,0.000000000000000000e+00,0.000000000000000000e+00,0.000000000000000000e+00,8.300000000000000000e+01,0.000000000000000000e+00,1.541999999999999602e+02,0.000000000000000000e+00,0.000000000000000000e+00,0.000000000000000000e+00,1.625999999999999943e+02,8.740000000000000568e+01,9.400000000000000355e+00,0.000000000000000000e+00,3.620000000000000284e+01,0.000000000000000000e+00,0.000000000000000000e+00,1.585999999999999943e+02,0.000000000000000000e+00,0.000000000000000000e+00,3.019999999999999929e+01,3.760000000000000142e+01,0.000000000000000000e+00,1.565999999999999943e+02,6.779999999999999716e+01,1.544000000000000057e+02,4.860000000000000142e+01,4.820000000000000284e+01,1.625999999999999943e+02,1.320000000000000107e+01
2.539999999999999858e+01,0.000000000000000000e+00,3.180000000000000071e+01,8.000000000000000444e-01,4.260000000000000142e+01,0.000000000000000000e+00,0.000000000000000000e+00,1.280000000000000071e+01,1.219999999999999929e+01,1.280000000000000071e+01,1.219999999999999929e+01,0.000000000000000000e+00,2.580000000000000071e+01,0.000000000000000000e+00,9.420000000000000284e+01,3.399999999999999911e+00,0.000000000000000000e+00,2.680000000000000071e+01,1.480000000000000071e+01,3.399999999999999911e+00,0.000000000000000000e+00,6.599999999999998757e+00,1.319999999999999929e+01,3.420000000000000284e+01,3.420000000000000284e+01,0.000000000000000000e+00,0.000000000000000000e+00,0.000000000000000000e+00,2.400000000000000000e+01,6.799999999999999822e+00,7.200000000000000178e+00,1.319999999999999929e+01,1.960000000000000142e+01,1.059999999999999964e+01,1.399999999999999911e+00,7.599999999999998757e+00,0.000000000000000000e+00,1.700000000000000000e+01,1.120000000000000107e+01,2.919999999999999929e+01,7.200000000000000178e+00,0.000000000000000000e+00,2.000000000000000111e-01,4.200000000000000178e+00,5.999999999999999778e-01,0.000000000000000000e+00,1.700000000000000000e+01,6.400000000000000355e+00,6.459999999999999432e+01,0.000000000000000000e+00,9.800000000000000711e+00,0.000000000000000000e+00,4.139999999999999858e+01,2.760000000000000142e+01,4.839999999999999858e+01,0.000000000000000000e+00,3.000000000000000000e+00,4.000000000000000222e-01,2.000000000000000111e-01,1.600000000000000000e+01,0.000000000000000000e+00,0.000000000000000000e+00,4.000000000000000000e+00,5.300000000000000000e+01,0.000000000000000000e+00,2.680000000000000071e+01,2.419999999999999929e+01,3.039999999999999858e+01,1.280000000000000071e+01,4.200000000000000178e+00,4.139999999999999858e+01,2.720000000000000284e+01
9.599999999999999645e+00,0.000000000000000000e+00,1.739999999999999503e+01,2.019999999999999929e+01,5.599999999999999645e+00,0.000000000000000000e+00,0.000000000000000000e+00,0.000000000000000000e+00,0.000000000000000000e+00,0.000000000000000000e+00,0.000000000000000000e+00,0.000000000000000000e+00,2.239999999999999858e+01,0.000000000000000000e+00,4.200000000000000000e+01,4.000000000000000000e+00,0.000000000000000000e+00,5.999999999999999778e-01,0.000000000000000000e+00,4.000000000000000000e+00,1.000000000000000000e+00,5.599999999999999645e+00,0.000000000000000000e+00,1.000000000000000000e+00,1.199999999999999956e+00,1.700000000000000000e+01,1.819999999999999929e+01,1.000000000000000000e+00,2.000000000000000111e-01,1.199999999999999956e+00,0.000000000000000000e+00,0.000000000000000000e+00,1.600000000000000089e+00,4.000000000000000222e-01,2.000000000000000111e-01,8.000000000000001554e-01,0.000000000000000000e+00,2.000000000000000111e-01,0.000000000000000000e+00,0.000000000000000000e+00,0.000000000000000000e+00,0.000000000000000000e+00,0.000000000000000000e+00,0.000000000000000000e+00,2.200000000000000178e+00,0.000000000000000000e+00,2.000000000000000111e-01,3.399999999999999911e+00,0.000000000000000000e+00,0.000000000000000000e+00,4.599999999999999645e+00,0.000000000000000000e+00,3.399999999999999911e+00,3.399999999999999911e+00,1.600000000000000311e+00,0.000000000000000000e+00,9.000000000000000000e+00,9.599999999999999645e+00,2.119999999999999929e+01,2.000000000000000000e+00,0.000000000000000000e+00,0.000000000000000000e+00,0.000000000000000000e+00,4.400000000000000355e+00,0.000000000000000000e+00,1.419999999999999929e+01,1.159999999999999964e+01,7.200000000000001066e+00,3.660000000000000142e+01,1.340000000000000036e+01,3.399999999999999911e+00,5.200000000000000178e+00
6.599999999999999645e+00,0.000000000000000000e+00,2.500000000000000000e+01,3.000000000000000000e+00,8.000000000000000444e-01,0.000000000000000000e+00,0.000000000000000000e+00,0.000000000000000000e+00,5.799999999999999822e+00,0.000000000000000000e+00,5.799999999999999822e+00,0.000000000000000000e+00,1.980000000000000071e+01,0.000000000000000000e+00,0.000000000000000000e+00,3.779999999999999716e+01,0.000000000000000000e+00,8.000000000000000444e-01,5.200000000000000178e+00,3.779999999999999716e+01,3.000000000000000000e+00,2.399999999999999911e+00,1.199999999999999956e+00,1.800000000000000044e+00,3.399999999999999911e+00,0.000000000000000000e+00,0.000000000000000000e+00,3.000000000000000000e+00,2.880000000000000071e+01,8.000000000000000444e-01,0.000000000000000000e+00,1.199999999999999956e+00,0.000000000000000000e+00,0.000000000000000000e+00,1.459999999999999964e+01,4.599999999999999645e+00,0.000000000000000000e+00,2.560000000000000142e+01,1.199999999999999956e+00,3.520000000000000284e+01,0.000000000000000000e+00,0.000000000000000000e+00,3.200000000000000178e+00,2.180000000000000071e+01,1.399999999999999911e+00,0.000000000000000000e+00,2.560000000000000142e+01,2.000000000000000111e-01,3.160000000000000142e+01,0.000000000000000000e+00,0.000000000000000000e+00,0.000000000000000000e+00,6.799999999999999822e+00,8.000000000000000444e-01,4.000000000000000777e-01,0.000000000000000000e+00,5.999999999999999778e-01,0.000000000000000000e+00,0.000000000000000000e+00,2.800000000000000000e+01,0.000000000000000000e+00,0.000000000000000000e+00,0.000000000000000000e+00,2.000000000000000111e-01,0.000000000000000000e+00,8.000000000000000444e-01,2.000000000000000111e-01,8.199999999999997513e+00,2.000000000000000111e-01,2.000000000000000111e-01,6.799999999999999822e+00,2.000000000000000000e+00
5.400000000000000355e+00,5.880000000000000426e+01,6.400000000000000355e+00,3.439999999999999858e+01,2.000000000000000111e-01,0.000000000000000000e+00,0.000000000000000000e+00,3.200000000000000178e+00,2.000000000000000111e-01,3.200000000000000178e+00,2.000000000000000111e-01,0.000000000000000000e+00,8.800000000000000711e+00,0.000000000000000000e+00,0.000000000000000000e+00,1.119999999999999929e+01,0.000000000000000000e+00,2.000000000000000111e-01,2.600000000000000089e+00,1.119999999999999929e+01,2.000000000000000111e-01,5.000000000000000000e+00,5.999999999999999778e-01,8.000000000000000444e-01,0.000000000000000000e+00,0.000000000000000000e+00,0.000000000000000000e+00,2.000000000000000111e-01,4.000000000000000222e-01,0.000000000000000000e+00,0.000000000000000000e+00,5.999999999999999778e-01,0.000000000000000000e+00,1.199999999999999956e+00,1.399999999999999911e+00,4.599999999999999645e+00,0.000000000000000000e+00,8.000000000000000444e-01,3.799999999999999822e+00,4.000000000000000222e-01,2.000000000000000111e-01,0.000000000000000000e+00,1.000000000000000000e+00,0.000000000000000000e+00,2.000000000000000111e-01,0.000000000000000000e+00,8.000000000000000444e-01,0.000000000000000000e+00,0.000000000000000000e+00,0.000000000000000000e+00,1.100000000000000000e+01,0.000000000000000000e+00,1.000000000000000000e+00,3.979999999999999716e+01,2.000000000000000389e-01,0.000000000000000000e+00,5.999999999999999778e-01,4.400000000000000355e+00,3.139999999999999858e+01,4.000000000000000777e-01,0.000000000000000000e+00,0.000000000000000000e+00,2.000000000000000111e-01,4.000000000000000222e-01,0.000000000000000000e+00,2.439999999999999858e+01,2.399999999999999911e+00,1.100000000000000000e+01,1.319999999999999929e+01,3.399999999999999911e+00,1.000000000000000000e+00,5.999999999999999778e-01
0.000000000000000000e+00,0.000000000000000000e+00,2.979999999999999716e+01,0.000000000000000000e+00,0.000000000000000000e+00,0.000000000000000000e+00,0.000000000000000000e+00,3.000000000000000000e+00,0.000000000000000000e+00,3.000000000000000000e+00,0.000000000000000000e+00,0.000000000000000000e+00,1.680000000000000071e+01,0.000000000000000000e+00,0.000000000000000000e+00,1.600000000000000089e+00,0.000000000000000000e+00,0.000000000000000000e+00,1.240000000000000036e+01,1.600000000000000089e+00,0.000000000000000000e+00,5.999999999999999778e-01,0.000000000000000000e+00,2.000000000000000111e-01,0.000000000000000000e+00,0.000000000000000000e+00,0.000000000000000000e+00,0.000000000000000000e+00,0.000000000000000000e+00,0.000000000000000000e+00,8.000000000000000444e-01,0.000000000000000000e+00,0.000000000000000000e+00,0.000000000000000000e+00,0.000000000000000000e+00,6.799999999999998934e+00,0.000000000000000000e+00,0.000000000000000000e+00,0.000000000000000000e+00,0.000000000000000000e+00,1.199999999999999956e+00,0.000000000000000000e+00,0.000000000000000000e+00,5.699999999999999289e+01,0.000000000000000000e+00,0.000000000000000000e+00,0.000000000000000000e+00,0.000000000000000000e+00,0.000000000000000000e+00,0.000000000000000000e+00,0.000000000000000000e+00,0.000000000000000000e+00,2.000000000000000111e-01,0.000000000000000000e+00,0.000000000000000000e+00,0.000000000000000000e+00,0.000000000000000000e+00,0.000000000000000000e+00,0.000000000000000000e+00,0.000000000000000000e+00,0.000000000000000000e+00,0.000000000000000000e+00,0.000000000000000000e+00,0.000000000000000000e+00,0.000000000000000000e+00,1.440000000000000036e+01,1.199999999999999956e+00,2.239999999999999858e+01,6.200000000000000178e+00,2.399999999999999911e+00,2.000000000000000111e-01,0.000000000000000000e+00
0.000000000000000000e+00,0.000000000000000000e+00,2.500000000000000000e+01,0.000000000000000000e+00,0.000000000000000000e+00,0.000000000000000000e+00,0.000000000000000000e+00,0.000000000000000000e+00,0.000000000000000000e+00,0.000000000000000000e+00,0.000000000000000000e+00,0.000000000000000000e+00,0.000000000000000000e+00,0.000000000000000000e+00,0.000000000000000000e+00,2.439999999999999858e+01,0.000000000000000000e+00,0.000000000000000000e+00,0.000000000000000000e+00,2.439999999999999858e+01,0.000000000000000000e+00,2.200000000000000178e+00,0.000000000000000000e+00,0.000000000000000000e+00,0.000000000000000000e+00,0.000000000000000000e+00,0.000000000000000000e+00,0.000000000000000000e+00,0.000000000000000000e+00,0.000000000000000000e+00,0.000000000000000000e+00,0.000000000000000000e+00,0.000000000000000000e+00,0.000000000000000000e+00,0.000000000000000000e+00,0.000000000000000000e+00,0.000000000000000000e+00,0.000000000000000000e+00,0.000000000000000000e+00,0.000000000000000000e+00,0.000000000000000000e+00,0.000000000000000000e+00,8.000000000000000444e-01,7.500000000000000000e+01,0.000000000000000000e+00,0.000000000000000000e+00,0.000000000000000000e+00,0.000000000000000000e+00,0.000000000000000000e+00,0.000000000000000000e+00,0.000000000000000000e+00,0.000000000000000000e+00,1.200000000000000000e+01,2.000000000000000111e-01,0.000000000000000000e+00,0.000000000000000000e+00,0.000000000000000000e+00,0.000000000000000000e+00,0.000000000000000000e+00,0.000000000000000000e+00,0.000000000000000000e+00,0.000000000000000000e+00,0.000000000000000000e+00,0.000000000000000000e+00,0.000000000000000000e+00,2.139999999999999858e+01,1.600000000000000089e+00,2.400000000000000000e+01,3.000000000000000000e+00,0.000000000000000000e+00,1.200000000000000000e+01,0.000000000000000000e+00
0.000000000000000000e+00,0.000000000000000000e+00,2.000000000000000111e-01,1.399999999999999911e+00,0.000000000000000000e+00,0.000000000000000000e+00,0.000000000000000000e+00,0.000000000000000000e+00,0.000000000000000000e+00,0.000000000000000000e+00,0.000000000000000000e+00,0.000000000000000000e+00,0.000000000000000000e+00,0.000000000000000000e+00,0.000000000000000000e+00,2.000000000000000111e-01,0.000000000000000000e+00,0.000000000000000000e+00,0.000000000000000000e+00,2.000000000000000111e-01,7.400000000000001243e+00,0.000000000000000000e+00,0.000000000000000000e+00,0.000000000000000000e+00,0.000000000000000000e+00,0.000000000000000000e+00,0.000000000000000000e+00,7.400000000000000355e+00,0.000000000000000000e+00,0.000000000000000000e+00,0.000000000000000000e+00,0.000000000000000000e+00,0.000000000000000000e+00,0.000000000000000000e+00,0.000000000000000000e+00,0.000000000000000000e+00,0.000000000000000000e+00,0.000000000000000000e+00,0.000000000000000000e+00,0.000000000000000000e+00,0.000000000000000000e+00,0.000000000000000000e+00,2.000000000000000111e-01,2.600000000000000089e+00,0.000000000000000000e+00,0.000000000000000000e+00,0.000000000000000000e+00,0.000000000000000000e+00,0.000000000000000000e+00,0.000000000000000000e+00,5.799999999999999822e+00,0.000000000000000000e+00,0.000000000000000000e+00,0.000000000000000000e+00,0.000000000000000000e+00,0.000000000000000000e+00,0.000000000000000000e+00,2.000000000000000000e+00,5.999999999999999778e-01,0.000000000000000000e+00,0.000000000000000000e+00,0.000000000000000000e+00,0.000000000000000000e+00,0.000000000000000000e+00,0.000000000000000000e+00,0.000000000000000000e+00,0.000000000000000000e+00,0.000000000000000000e+00,0.000000000000000000e+00,0.000000000000000000e+00,0.000000000000000000e+00,0.000000000000000000e+00
0.000000000000000000e+00,1.599999999999999867e+00,0.000000000000000000e+00,0.000000000000000000e+00,0.000000000000000000e+00,0.000000000000000000e+00,0.000000000000000000e+00,0.000000000000000000e+00,0.000000000000000000e+00,0.000000000000000000e+00,0.000000000000000000e+00,0.000000000000000000e+00,0.000000000000000000e+00,0.000000000000000000e+00,0.000000000000000000e+00,1.159999999999999964e+01,0.000000000000000000e+00,0.000000000000000000e+00,0.000000000000000000e+00,1.159999999999999964e+01,0.000000000000000000e+00,0.000000000000000000e+00,1.399999999999999911e+00,0.000000000000000000e+00,0.000000000000000000e+00,0.000000000000000000e+00,0.000000000000000000e+00,0.000000000000000000e+00,0.000000000000000000e+00,0.000000000000000000e+00,0.000000000000000000e+00,1.399999999999999911e+00,0.000000000000000000e+00,0.000000000000000000e+00,0.000000000000000000e+00,0.000000000000000000e+00,0.000000000000000000e+00,0.000000000000000000e+00,0.000000000000000000e+00,0.000000000000000000e+00,2.799999999999999822e+00,0.000000000000000000e+00,0.000000000000000000e+00,2.039999999999999858e+01,0.000000000000000000e+00,0.000000000000000000e+00,0.000000000000000000e+00,2.000000000000000111e-01,0.000000000000000000e+00,0.000000000000000000e+00,0.000000000000000000e+00,0.000000000000000000e+00,0.000000000000000000e+00,0.000000000000000000e+00,0.000000000000000000e+00,0.000000000000000000e+00,5.999999999999999778e-01,0.000000000000000000e+00,0.000000000000000000e+00,0.000000000000000000e+00,0.000000000000000000e+00,0.000000000000000000e+00,1.000000000000000000e+00,0.000000000000000000e+00,0.000000000000000000e+00,0.000000000000000000e+00,0.000000000000000000e+00,0.000000000000000000e+00,0.000000000000000000e+00,0.000000000000000000e+00,0.000000000000000000e+00,0.000000000000000000e+00
3.000000000000000000e+00,5.999999999999999778e-01,0.000000000000000000e+00,0.000000000000000000e+00,0.000000000000000000e+00,0.000000000000000000e+00,0.000000000000000000e+00,0.000000000000000000e+00,0.000000000000000000e+00,0.000000000000000000e+00,0.000000000000000000e+00,0.000000000000000000e+00,0.000000000000000000e+00,0.000000000000000000e+00,0.000000000000000000e+00,0.000000000000000000e+00,0.000000000000000000e+00,0.000000000000000000e+00,0.000000000000000000e+00,0.000000000000000000e+00,1.199999999999999956e+00,0.000000000000000000e+00,1.600000000000000089e+00,0.000000000000000000e+00,0.000000000000000000e+00,4.000000000000000222e-01,4.000000000000000222e-01,1.199999999999999956e+00,2.000000000000000111e-01,4.000000000000000222e-01,0.000000000000000000e+00,1.600000000000000089e+00,0.000000000000000000e+00,2.000000000000000000e+00,0.000000000000000000e+00,0.000000000000000000e+00,0.000000000000000000e+00,0.000000000000000000e+00,0.000000000000000000e+00,0.000000000000000000e+00,2.399999999999999911e+00,0.000000000000000000e+00,3.600000000000000089e+00,1.000000000000000000e+00,2.000000000000000111e-01,0.000000000000000000e+00,0.000000000000000000e+00,4.000000000000000222e-01,0.000000000000000000e+00,0.000000000000000000e+00,0.000000000000000000e+00,0.000000000000000000e+00,0.000000000000000000e+00,0.000000000000000000e+00,0.000000000000000000e+00,0.000000000000000000e+00,1.000000000000000000e+00,0.000000000000000000e+00,0.000000000000000000e+00,0.000000000000000000e+00,0.000000000000000000e+00,0.000000000000000000e+00,3.000000000000000000e+00,2.000000000000000111e-01,0.000000000000000000e+00,0.000000000000000000e+00,0.000000000000000000e+00,0.000000000000000000e+00,0.000000000000000000e+00,0.000000000000000000e+00,0.000000000000000000e+00,0.000000000000000000e+00
4.000000000000000222e-01,0.000000000000000000e+00,0.000000000000000000e+00,0.000000000000000000e+00,0.000000000000000000e+00,0.000000000000000000e+00,0.000000000000000000e+00,0.000000000000000000e+00,0.000000000000000000e+00,0.000000000000000000e+00,0.000000000000000000e+00,0.000000000000000000e+00,0.000000000000000000e+00,0.000000000000000000e+00,0.000000000000000000e+00,0.000000000000000000e+00,0.000000000000000000e+00,0.000000000000000000e+00,0.000000000000000000e+00,0.000000000000000000e+00,2.000000000000000111e-01,0.000000000000000000e+00,0.000000000000000000e+00,2.000000000000000111e-01,2.000000000000000111e-01,0.000000000000000000e+00,0.000000000000000000e+00,2.000000000000000111e-01,0.000000000000000000e+00,0.000000000000000000e+00,0.000000000000000000e+00,0.000000000000000000e+00,2.000000000000000111e-01,0.000000000000000000e+00,2.000000000000000111e-01,0.000000000000000000e+00,0.000000000000000000e+00,0.000000000000000000e+00,0.000000000000000000e+00,0.000000000000000000e+00,0.000000000000000000e+00,0.000000000000000000e+00,0.000000000000000000e+00,0.000000000000000000e+00,0.000000000000000000e+00,0.000000000000000000e+00,0.000000000000000000e+00,0.000000000000000000e+00,0.000000000000000000e+00,0.000000000000000000e+00,0.000000000000000000e+00,0.000000000000000000e+00,0.000000000000000000e+00,0.000000000000000000e+00,2.000000000000000389e-01,0.000000000000000000e+00,0.000000000000000000e+00,0.000000000000000000e+00,0.000000000000000000e+00,0.000000000000000000e+00,0.000000000000000000e+00,0.000000000000000000e+00,0.000000000000000000e+00,0.000000000000000000e+00,0.000000000000000000e+00,0.000000000000000000e+00,0.000000000000000000e+00,0.000000000000000000e+00,0.000000000000000000e+00,0.000000000000000000e+00,0.000000000000000000e+00,0.000000000000000000e+00
0.000000000000000000e+00,0.000000000000000000e+00,0.000000000000000000e+00,0.000000000000000000e+00,0.000000000000000000e+00,0.000000000000000000e+00,0.000000000000000000e+00,0.000000000000000000e+00,0.000000000000000000e+00,0.000000000000000000e+00,0.000000000000000000e+00,0.000000000000000000e+00,0.000000000000000000e+00,0.000000000000000000e+00,0.000000000000000000e+00,2.000000000000000111e-01,0.000000000000000000e+00,0.000000000000000000e+00,0.000000000000000000e+00,2.000000000000000111e-01,2.799999999999999822e+00,2.799999999999999822e+00,0.000000000000000000e+00,0.000000000000000000e+00,5.999999999999999778e-01,3.000000000000000000e+00,1.800000000000000044e+00,2.799999999999999822e+00,0.000000000000000000e+00,2.399999999999999911e+00,0.000000000000000000e+00,0.000000000000000000e+00,2.000000000000000111e-01,0.000000000000000000e+00,0.000000000000000000e+00,0.000000000000000000e+00,0.000000000000000000e+00,0.000000000000000000e+00,0.000000000000000000e+00,0.000000000000000000e+00,0.000000000000000000e+00,0.000000000000000000e+00,2.000000000000000111e-01,0.000000000000000000e+00,3.399999999999999911e+00,0.000000000000000000e+00,0.000000000000000000e+00,3.600000000000000089e+00,0.000000000000000000e+00,0.000000000000000000e+00,2.399999999999999911e+00,0.000000000000000000e+00,0.000000000000000000e+00,0.000000000000000000e+00,0.000000000000000000e+00,0.000000000000000000e+00,0.000000000000000000e+00,0.000000000000000000e+00,0.000000000000000000e+00,0.000000000000000000e+00,0.000000000000000000e+00,0.000000000000000000e+00,0.000000000000000000e+00,0.000000000000000000e+00,0.000000000000000000e+00,0.000000000000000000e+00,0.000000000000000000e+00,0.000000000000000000e+00,0.000000000000000000e+00,0.000000000000000000e+00,0.000000000000000000e+00,0.000000000000000000e+00
0.000000000000000000e+00,0.000000000000000000e+00,4.000000000000000222e-01,0.000000000000000000e+00,2.000000000000000111e-01,0.000000000000000000e+00,0.000000000000000000e+00,0.000000000000000000e+00,0.000000000000000000e+00,0.000000000000000000e+00,0.000000000000000000e+00,0.000000000000000000e+00,0.000000000000000000e+00,0.000000000000000000e+00,0.000000000000000000e+00,9.400000000000000355e+00,0.000000000000000000e+00,0.000000000000000000e+00,0.000000000000000000e+00,9.400000000000000355e+00,0.000000000000000000e+00,1.199999999999999956e+00,0.000000000000000000e+00,0.000000000000000000e+00,0.000000000000000000e+00,0.000000000000000000e+00,2.000000000000000111e-01,0.000000000000000000e+00,0.000000000000000000e+00,0.000000000000000000e+00,0.000000000000000000e+00,0.000000000000000000e+00,0.000000000000000000e+00,4.000000000000000222e-01,0.000000000000000000e+00,0.000000000000000000e+00,0.000000000000000000e+00,0.000000000000000000e+00,0.000000000000000000e+00,0.000000000000000000e+00,0.000000000000000000e+00,0.000000000000000000e+00,0.000000000000000000e+00,2.459999999999999787e+01,8.000000000000000444e-01,0.000000000000000000e+00,0.000000000000000000e+00,2.000000000000000111e-01,5.999999999999999778e-01,0.000000000000000000e+00,0.000000000000000000e+00,0.000000000000000000e+00,4.000000000000000222e-01,2.000000000000000111e-01,0.000000000000000000e+00,0.000000000000000000e+00,0.000000000000000000e+00,0.000000000000000000e+00,0.000000000000000000e+00,0.000000000000000000e+00,0.000000000000000000e+00,0.000000000000000000e+00,0.000000000000000000e+00,0.000000000000000000e+00,0.000000000000000000e+00,4.000000000000000222e-01,0.000000000000000000e+00,2.000000000000000111e-01,0.000000000000000000e+00,0.000000000000000000e+00,4.000000000000000222e-01,0.000000000000000000e+00
0.000000000000000000e+00,0.000000000000000000e+00,0.000000000000000000e+00,0.000000000000000000e+00,0.000000000000000000e+00,0.000000000000000000e+00,0.000000000000000000e+00,8.199999999999997513e+00,0.000000000000000000e+00,8.199999999999997513e+00,0.000000000000000000e+00,0.000000000000000000e+00,0.000000000000000000e+00,0.000000000000000000e+00,0.000000000000000000e+00,0.000000000000000000e+00,0.000000000000000000e+00,0.000000000000000000e+00,2.600000000000000089e+00,0.000000000000000000e+00,0.000000000000000000e+00,2.799999999999999822e+00,0.000000000000000000e+00,5.999999999999999778e-01,8.000000000000000444e-01,0.000000000000000000e+00,0.000000000000000000e+00,0.000000000000000000e+00,0.000000000000000000e+00,4.000000000000000222e-01,0.000000000000000000e+00,0.000000000000000000e+00,0.000000000000000000e+00,0.000000000000000000e+00,0.000000000000000000e+00,5.999999999999999778e-01,0.000000000000000000e+00,0.000000000000000000e+00,0.000000000000000000e+00,0.000000000000000000e+00,0.000000000000000000e+00,0.000000000000000000e+00,0.000000000000000000e+00,2.000000000000000000e+00,0.000000000000000000e+00,0.000000000000000000e+00,0.000000000000000000e+00,0.000000000000000000e+00,0.000000000000000000e+00,0.000000000000000000e+00,0.000000000000000000e+00,0.000000000000000000e+00,0.000000000000000000e+00,0.000000000000000000e+00,0.000000000000000000e+00,0.000000000000000000e+00,0.000000000000000000e+00,4.000000000000000000e+00,0.000000000000000000e+00,4.000000000000000777e-01,0.000000000000000000e+00,0.000000000000000000e+00,0.000000000000000000e+00,0.000000000000000000e+00,0.000000000000000000e+00,0.000000000000000000e+00,0.000000000000000000e+00,0.000000000000000000e+00,3.600000000000000089e+00,0.000000000000000000e+00,0.000000000000000000e+00,0.000000000000000000e+00
2.000000000000000111e-01,3.119999999999999929e+01,2.460000000000000142e+01,2.339999999999999858e+01,0.000000000000000000e+00,0.000000000000000000e+00,0.000000000000000000e+00,1.380000000000000071e+01,1.219999999999999929e+01,1.380000000000000071e+01,1.219999999999999929e+01,0.000000000000000000e+00,5.999999999999999778e-01,0.000000000000000000e+00,0.000000000000000000e+00,0.000000000000000000e+00,0.000000000000000000e+00,0.000000000000000000e+00,1.019999999999999929e+01,0.000000000000000000e+00,0.000000000000000000e+00,0.000000000000000000e+00,3.279999999999999716e+01,0.000000000000000000e+00,0.000000000000000000e+00,0.000000000000000000e+00,0.000000000000000000e+00,0.000000000000000000e+00,5.999999999999999778e-01,0.000000000000000000e+00,0.000000000000000000e+00,3.279999999999999716e+01,0.000000000000000000e+00,8.400000000000000355e+00,0.000000000000000000e+00,2.639999999999999858e+01,0.000000000000000000e+00,0.000000000000000000e+00,8.000000000000000444e-01,4.000000000000000222e-01,5.999999999999999778e-01,0.000000000000000000e+00,1.000000000000000000e+00,1.199999999999999956e+00,0.000000000000000000e+00,0.000000000000000000e+00,0.000000000000000000e+00,0.000000000000000000e+00,0.000000000000000000e+00,0.000000000000000000e+00,0.000000000000000000e+00,0.000000000000000000e+00,3.000000000000000000e+00,4.900000000000000000e+01,0.000000000000000000e+00,0.000000000000000000e+00,0.000000000000000000e+00,0.000000000000000000e+00,0.000000000000000000e+00,3.000000000000000000e+00,0.000000000000000000e+00,0.000000000000000000e+00,8.199999999999997513e+00,2.860000000000000497e+01,0.000000000000000000e+00,1.559999999999999964e+01,0.000000000000000000e+00,8.199999999999997513e+00,0.000000000000000000e+00,0.000000000000000000e+00,3.000000000000000000e+00,0.000000000000000000e+00
0.000000000000000000e+00,0.000000000000000000e+00,0.000000000000000000e+00,0.000000000000000000e+00,0.000000000000000000e+00,0.000000000000000000e+00,0.000000000000000000e+00,0.000000000000000000e+00,0.000000000000000000e+00,0.000000000000000000e+00,0.000000000000000000e+00,0.000000000000000000e+00,0.000000000000000000e+00,0.000000000000000000e+00,0.000000000000000000e+00,0.000000000000000000e+00,0.000000000000000000e+00,0.000000000000000000e+00,0.000000000000000000e+00,0.000000000000000000e+00,0.000000000000000000e+00,0.000000000000000000e+00,2.000000000000000111e-01,0.000000000000000000e+00,0.000000000000000000e+00,0.000000000000000000e+00,0.000000000000000000e+00,0.000000000000000000e+00,0.000000000000000000e+00,0.000000000000000000e+00,0.000000000000000000e+00,2.000000000000000111e-01,0.000000000000000000e+00,0.000000000000000000e+00,0.000000000000000000e+00,0.000000000000000000e+00,0.000000000000000000e+00,0.000000000000000000e+00,0.000000000000000000e+00,0.000000000000000000e+00,0.000000000000000000e+00,0.000000000000000000e+00,0.000000000000000000e+00,0.000000000000000000e+00,0.000000000000000000e+00,0.000000000000000000e+00,0.000000000000000000e+00,0.000000000000000000e+00,0.000000000000000000e+00,0.000000000000000000e+00,0.000000000000000000e+00,0.000000000000000000e+00,0.000000000000000000e+00,0.000000000000000000e+00,0.000000000000000000e+00,0.000000000000000000e+00,0.000000000000000000e+00,0.000000000000000000e+00,1.000000000000000000e+00,0.000000000000000000e+00,0.000000000000000000e+00,0.000000000000000000e+00,0.000000000000000000e+00,0.000000000000000000e+00,0.000000000000000000e+00,0.000000000000000000e+00,0.000000000000000000e+00,0.000000000000000000e+00,0.000000000000000000e+00,0.000000000000000000e+00,0.000000000000000000e+00,0.000000000000000000e+00
0.000000000000000000e+00,0.000000000000000000e+00,0.000000000000000000e+00,0.000000000000000000e+00,0.000000000000000000e+00,0.000000000000000000e+00,0.000000000000000000e+00,0.000000000000000000e+00,0.000000000000000000e+00,0.000000000000000000e+00,0.000000000000000000e+00,0.000000000000000000e+00,0.000000000000000000e+00,0.000000000000000000e+00,0.000000000000000000e+00,0.000000000000000000e+00,0.000000000000000000e+00,0.000000000000000000e+00,0.000000000000000000e+00,0.000000000000000000e+00,0.000000000000000000e+00,0.000000000000000000e+00,0.000000000000000000e+00,0.000000000000000000e+00,4.000000000000000222e-01,0.000000000000000000e+00,0.000000000000000000e+00,0.000000000000000000e+00,0.000000000000000000e+00,0.000000000000000000e+00,0.000000000000000000e+00,0.000000000000000000e+00,0.000000000000000000e+00,0.000000000000000000e+00,0.000000000000000000e+00,0.000000000000000000e+00,0.000000000000000000e+00,0.000000000000000000e+00,0.000000000000000000e+00,0.000000000000000000e+00,0.000000000000000000e+00,0.000000000000000000e+00,0.000000000000000000e+00,0.000000000000000000e+00,0.000000000000000000e+00,0.000000000000000000e+00,0.000000000000000000e+00,2.600000000000000089e+00,0.000000000000000000e+00,0.000000000000000000e+00,0.000000000000000000e+00,0.000000000000000000e+00,0.000000000000000000e+00,0.000000000000000000e+00,0.000000000000000000e+00,0.000000000000000000e+00,0.000000000000000000e+00,0.000000000000000000e+00,0.000000000000000000e+00,0.000000000000000000e+00,0.000000000000000000e+00,0.000000000000000000e+00,0.000000000000000000e+00,0.000000000000000000e+00,0.000000000000000000e+00,0.000000000000000000e+00,0.000000000000000000e+00,0.000000000000000000e+00,0.000000000000000000e+00,0.000000000000000000e+00,0.000000000000000000e+00,0.000000000000000000e+00
0.000000000000000000e+00,0.000000000000000000e+00,0.000000000000000000e+00,0.000000000000000000e+00,0.000000000000000000e+00,0.000000000000000000e+00,0.000000000000000000e+00,0.000000000000000000e+00,0.000000000000000000e+00,0.000000000000000000e+00,0.000000000000000000e+00,0.000000000000000000e+00,2.200000000000000178e+00,0.000000000000000000e+00,0.000000000000000000e+00,0.000000000000000000e+00,0.000000000000000000e+00,0.000000000000000000e+00,0.000000000000000000e+00,0.000000000000000000e+00,0.000000000000000000e+00,0.000000000000000000e+00,0.000000000000000000e+00,0.000000000000000000e+00,0.000000000000000000e+00,0.000000000000000000e+00,0.000000000000000000e+00,0.000000000000000000e+00,0.000000000000000000e+00,0.000000000000000000e+00,0.000000000000000000e+00,0.000000000000000000e+00,0.000000000000000000e+00,0.000000000000000000e+00,0.000000000000000000e+00,0.000000000000000000e+00,0.000000000000000000e+00,0.000000000000000000e+00,0.000000000000000000e+00,0.000000000000000000e+00,0.000000000000000000e+00,0.000000000000000000e+00,0.000000000000000000e+00,0.000000000000000000e+00,0.000000000000000000e+00,0.000000000000000000e+00,0.000000000000000000e+00,2.000000000000000111e-01,0.000000000000000000e+00,0.000000000000000000e+00,0.000000000000000000e+00,0.000000000000000000e+00,0.000000000000000000e+00,0.000000000000000000e+00,0.000000000000000000e+00,0.000000000000000000e+00,0.000000000000000000e+00,0.000000000000000000e+00,0.000000000000000000e+00,0.000000000000000000e+00,0.000000000000000000e+00,0.000000000000000000e+00,0.000000000000000000e+00,0.000000000000000000e+00,0.000000000000000000e+00,0.000000000000000000e+00,0.000000000000000000e+00,0.000000000000000000e+00,0.000000000000000000e+00,0.000000000000000000e+00,0.000000000000000000e+00,0.000000000000000000e+00
0.000000000000000000e+00,0.000000000000000000e+00,0.000000000000000000e+00,0.000000000000000000e+00,0.000000000000000000e+00,0.000000000000000000e+00,0.000000000000000000e+00,0.000000000000000000e+00,0.000000000000000000e+00,0.000000000000000000e+00,0.000000000000000000e+00,0.000000000000000000e+00,0.000000000000000000e+00,0.000000000000000000e+00,0.000000000000000000e+00,0.000000000000000000e+00,0.000000000000000000e+00,0.000000000000000000e+00,0.000000000000000000e+00,0.000000000000000000e+00,0.000000000000000000e+00,0.000000000000000000e+00,0.000000000000000000e+00,0.000000000000000000e+00,0.000000000000000000e+00,0.000000000000000000e+00,0.000000000000000000e+00,0.000000000000000000e+00,0.000000000000000000e+00,0.000000000000000000e+00,0.000000000000000000e+00,0.000000000000000000e+00,0.000000000000000000e+00,0.000000000000000000e+00,0.000000000000000000e+00,0.000000000000000000e+00,0.000000000000000000e+00,0.000000000000000000e+00,0.000000000000000000e+00,0.000000000000000000e+00,0.000000000000000000e+00,0.000000000000000000e+00,0.000000000000000000e+00,2.000000000000000111e-01,0.000000000000000000e+00,0.000000000000000000e+00,0.000000000000000000e+00,0.000000000000000000e+00,0.000000000000000000e+00,0.000000000000000000e+00,0.000000000000000000e+00,0.000000000000000000e+00,0.000000000000000000e+00,0.000000000000000000e+00,0.000000000000000000e+00,0.000000000000000000e+00,0.000000000000000000e+00,0.000000000000000000e+00,0.000000000000000000e+00,0.000000000000000000e+00,0.000000000000000000e+00,0.000000000000000000e+00,0.000000000000000000e+00,0.000000000000000000e+00,0.000000000000000000e+00,0.000000000000000000e+00,0.000000000000000000e+00,0.000000000000000000e+00,0.000000000000000000e+00,0.000000000000000000e+00,0.000000000000000000e+00,0.000000000000000000e+00
0.000000000000000000e+00,1.200000000000000000e+01,0.000000000000000000e+00,0.000000000000000000e+00,4.000000000000000222e-01,0.000000000000000000e+00,0.000000000000000000e+00,1.600000000000000089e+00,0.000000000000000000e+00,1.600000000000000089e+00,0.000000000000000000e+00,0.000000000000000000e+00,1.000000000000000000e+00,0.000000000000000000e+00,0.000000000000000000e+00,0.000000000000000000e+00,0.000000000000000000e+00,0.000000000000000000e+00,0.000000000000000000e+00,0.000000000000000000e+00,0.000000000000000000e+00,0.000000000000000000e+00,8.000000000000000000e+00,0.000000000000000000e+00,0.000000000000000000e+00,0.000000000000000000e+00,0.000000000000000000e+00,0.000000000000000000e+00,1.800000000000000000e+01,0.000000000000000000e+00,8.000000000000000000e+00,8.000000000000000000e+00,0.000000000000000000e+00,0.000000000000000000e+00,0.000000000000000000e+00,0.000000000000000000e+00,0.000000000000000000e+00,9.199999999999999289e+00,5.000000000000000000e+00,0.000000000000000000e+00,7.200000000000000178e+00,0.000000000000000000e+00,0.000000000000000000e+00,2.799999999999999822e+00,0.000000000000000000e+00,0.000000000000000000e+00,9.199999999999999289e+00,0.000000000000000000e+00,0.000000000000000000e+00,0.000000000000000000e+00,0.000000000000000000e+00,0.000000000000000000e+00,2.000000000000000111e-01,0.000000000000000000e+00,0.000000000000000000e+00,0.000000000000000000e+00,2.080000000000000071e+01,0.000000000000000000e+00,0.000000000000000000e+00,5.599999999999999645e+00,0.000000000000000000e+00,0.000000000000000000e+00,0.000000000000000000e+00,0.000000000000000000e+00,0.000000000000000000e+00,0.000000000000000000e+00,0.000000000000000000e+00,5.999999999999999778e-01,1.199999999999999956e+00,1.199999999999999956e+00,2.000000000000000111e-01,0.000000000000000000e+00
0.000000000000000000e+00,0.000000000000000000e+00,2.139999999999999858e+01,0.000000000000000000e+00,1.760000000000000142e+01,0.000000000000000000e+00,0.000000000000000000e+00,0.000000000000000000e+00,0.000000000000000000e+00,0.000000000000000000e+00,0.000000000000000000e+00,0.000000000000000000e+00,0.000000000000000000e+00,0.000000000000000000e+00,0.000000000000000000e+00,0.000000000000000000e+00,0.000000000000000000e+00,0.000000000000000000e+00,0.000000000000000000e+00,0.000000000000000000e+00,0.000000000000000000e+00,0.000000000000000000e+00,0.000000000000000000e+00,0.000000000000000000e+00,0.000000000000000000e+00,0.000000000000000000e+00,0.000000000000000000e+00,0.000000000000000000e+00,0.000000000000000000e+00,0.000000000000000000e+00,1.800000000000000044e+00,0.000000000000000000e+00,0.000000000000000000e+00,0.000000000000000000e+00,0.000000000000000000e+00,0.000000000000000000e+00,0.000000000000000000e+00,0.000000000000000000e+00,0.000000000000000000e+00,0.000000000000000000e+00,0.000000000000000000e+00,0.000000000000000000e+00,0.000000000000000000e+00,0.000000000000000000e+00,0.000000000000000000e+00,0.000000000000000000e+00,0.000000000000000000e+00,0.000000000000000000e+00,0.000000000000000000e+00,0.000000000000000000e+00,0.000000000000000000e+00,0.000000000000000000e+00,2.680000000000000071e+01,1.860000000000000142e+01,0.000000000000000000e+00,0.000000000000000000e+00,0.000000000000000000e+00,0.000000000000000000e+00,0.000000000000000000e+00,0.000000000000000000e+00,0.000000000000000000e+00,0.000000000000000000e+00,0.000000000000000000e+00,1.199999999999999956e+00,0.000000000000000000e+00,0.000000000000000000e+00,1.800000000000000000e+01,0.000000000000000000e+00,8.000000000000000444e-01,2.000000000000000000e+00,2.680000000000000071e+01,0.000000000000000000e+00
6.200000000000000178e+00,3.239999999999999858e+01,2.000000000000000111e-01,0.000000000000000000e+00,5.200000000000000178e+00,0.000000000000000000e+00,0.000000000000000000e+00,1.600000000000000089e+00,2.200000000000000178e+00,1.600000000000000089e+00,2.200000000000000178e+00,0.000000000000000000e+00,2.000000000000000000e+00,0.000000000000000000e+00,0.000000000000000000e+00,1.059999999999999964e+01,0.000000000000000000e+00,0.000000000000000000e+00,4.000000000000000000e+00,1.059999999999999964e+01,0.000000000000000000e+00,0.000000000000000000e+00,8.800000000000000711e+00,0.000000000000000000e+00,0.000000000000000000e+00,0.000000000000000000e+00,0.000000000000000000e+00,0.000000000000000000e+00,5.999999999999999778e-01,0.000000000000000000e+00,0.000000000000000000e+00,8.800000000000000711e+00,0.000000000000000000e+00,2.000000000000000000e+01,4.020000000000000284e+01,3.279999999999999716e+01,0.000000000000000000e+00,3.060000000000000142e+01,5.799999999999999822e+00,4.379999999999999716e+01,4.179999999999999716e+01,0.000000000000000000e+00,2.000000000000000000e+00,1.819999999999999929e+01,1.800000000000000044e+00,0.000000000000000000e+00,3.060000000000000142e+01,2.200000000000000178e+00,1.100000000000000000e+01,0.000000000000000000e+00,1.000000000000000000e+00,0.000000000000000000e+00,1.399999999999999911e+00,2.200000000000000178e+00,0.000000000000000000e+00,0.000000000000000000e+00,1.340000000000000036e+01,0.000000000000000000e+00,0.000000000000000000e+00,4.000000000000000000e+00,0.000000000000000000e+00,0.000000000000000000e+00,2.200000000000000178e+00,9.199999999999999289e+00,0.000000000000000000e+00,4.799999999999999822e+00,8.000000000000000444e-01,1.400000000000000000e+01,8.000000000000000444e-01,7.000000000000000000e+00,1.399999999999999911e+00,5.400000000000000355e+00
4.200000000000000178e+00,1.159999999999999964e+01,0.000000000000000000e+00,0.000000000000000000e+00,0.000000000000000000e+00,0.000000000000000000e+00,0.000000000000000000e+00,4.220000000000000284e+01,4.000000000000000222e-01,4.220000000000000284e+01,4.000000000000000222e-01,0.000000000000000000e+00,2.000000000000000111e-01,0.000000000000000000e+00,6.320000000000000284e+01,5.400000000000000355e+00,0.000000000000000000e+00,5.900000000000000000e+01,3.839999999999999858e+01,5.400000000000000355e+00,2.600000000000000089e+00,5.400000000000000355e+00,1.080000000000000071e+01,4.200000000000000178e+00,3.200000000000000178e+00,0.000000000000000000e+00,0.000000000000000000e+00,2.600000000000000089e+00,0.000000000000000000e+00,1.800000000000000044e+00,7.599999999999997868e+00,1.080000000000000071e+01,5.400000000000000355e+00,3.479999999999999716e+01,2.000000000000000111e-01,7.799999999999999822e+00,0.000000000000000000e+00,0.000000000000000000e+00,3.600000000000000000e+01,0.000000000000000000e+00,7.479999999999998295e+01,0.000000000000000000e+00,1.440000000000000036e+01,7.200000000000000178e+00,1.080000000000000071e+01,0.000000000000000000e+00,0.000000000000000000e+00,1.119999999999999929e+01,2.000000000000000111e-01,0.000000000000000000e+00,0.000000000000000000e+00,0.000000000000000000e+00,0.000000000000000000e+00,2.400000000000000000e+01,4.000000000000000000e+00,0.000000000000000000e+00,1.159999999999999964e+01,0.000000000000000000e+00,0.000000000000000000e+00,0.000000000000000000e+00,0.000000000000000000e+00,0.000000000000000000e+00,3.460000000000000142e+01,7.200000000000000178e+00,0.000000000000000000e+00,5.999999999999999778e-01,9.599999999999999645e+00,0.000000000000000000e+00,5.200000000000000178e+00,2.600000000000000089e+00,0.000000000000000000e+00,6.440000000000001990e+01
4.139999999999999858e+01,8.000000000000000000e+00,2.600000000000000089e+00,0.000000000000000000e+00,2.000000000000000111e-01,0.000000000000000000e+00,0.000000000000000000e+00,8.800000000000000711e+00,5.799999999999999822e+00,8.800000000000000711e+00,5.799999999999999822e+00,0.000000000000000000e+00,0.000000000000000000e+00,0.000000000000000000e+00,0.000000000000000000e+00,2.000000000000000111e-01,0.000000000000000000e+00,0.000000000000000000e+00,7.400000000000000355e+00,2.000000000000000111e-01,0.000000000000000000e+00,0.000000000000000000e+00,4.599999999999999645e+00,0.000000000000000000e+00,0.000000000000000000e+00,0.000000000000000000e+00,0.000000000000000000e+00,0.000000000000000000e+00,0.000000000000000000e+00,0.000000000000000000e+00,3.600000000000000089e+00,4.599999999999999645e+00,0.000000000000000000e+00,7.599999999999998757e+00,2.000000000000000000e+00,1.000000000000000000e+01,0.000000000000000000e+00,0.000000000000000000e+00,1.760000000000000142e+01,1.600000000000000089e+00,4.239999999999999858e+01,0.000000000000000000e+00,4.799999999999999822e+00,2.000000000000000111e-01,2.000000000000000111e-01,0.000000000000000000e+00,0.000000000000000000e+00,0.000000000000000000e+00,1.399999999999999911e+00,0.000000000000000000e+00,0.000000000000000000e+00,0.000000000000000000e+00,0.000000000000000000e+00,2.960000000000000497e+01,0.000000000000000000e+00,0.000000000000000000e+00,1.819999999999999929e+01,0.000000000000000000e+00,0.000000000000000000e+00,0.000000000000000000e+00,0.000000000000000000e+00,0.000000000000000000e+00,4.439999999999999858e+01,4.000000000000000000e+00,0.000000000000000000e+00,0.000000000000000000e+00,2.000000000000000111e-01,0.000000000000000000e+00,2.239999999999999858e+01,1.860000000000000142e+01,0.000000000000000000e+00,3.199999999999999734e+00
1.500000000000000000e+01,0.000000000000000000e+00,0.000000000000000000e+00,0.000000000000000000e+00,2.799999999999999822e+00,0.000000000000000000e+00,0.000000000000000000e+00,0.000000000000000000e+00,0.000000000000000000e+00,0.000000000000000000e+00,0.000000000000000000e+00,0.000000000000000000e+00,0.000000000000000000e+00,0.000000000000000000e+00,0.000000000000000000e+00,1.119999999999999929e+01,0.000000000000000000e+00,0.000000000000000000e+00,0.000000000000000000e+00,1.119999999999999929e+01,5.999999999999999778e-01,2.019999999999999929e+01,0.000000000000000000e+00,6.799999999999999822e+00,4.799999999999999822e+00,4.000000000000000222e-01,2.000000000000000111e-01,5.999999999999999778e-01,0.000000000000000000e+00,5.599999999999999645e+00,2.080000000000000071e+01,0.000000000000000000e+00,5.999999999999999778e-01,1.440000000000000036e+01,2.280000000000000071e+01,0.000000000000000000e+00,0.000000000000000000e+00,0.000000000000000000e+00,7.599999999999998757e+00,0.000000000000000000e+00,1.119999999999999929e+01,0.000000000000000000e+00,2.799999999999999822e+00,7.799999999999999822e+00,3.939999999999999858e+01,0.000000000000000000e+00,0.000000000000000000e+00,1.600000000000000089e+00,0.000000000000000000e+00,0.000000000000000000e+00,5.799999999999999822e+00,0.000000000000000000e+00,0.000000000000000000e+00,5.600000000000000533e+00,6.400000000000001243e+00,0.000000000000000000e+00,1.419999999999999929e+01,2.799999999999999822e+00,0.000000000000000000e+00,0.000000000000000000e+00,0.000000000000000000e+00,0.000000000000000000e+00,1.400000000000000000e+01,1.399999999999999911e+00,0.000000000000000000e+00,0.000000000000000000e+00,2.660000000000000142e+01,0.000000000000000000e+00,2.000000000000000000e+01,5.999999999999999778e-01,0.000000000000000000e+00,2.960000000000000142e+01
0.000000000000000000e+00,0.000000000000000000e+00,0.000000000000000000e+00,0.000000000000000000e+00,0.000000000000000000e+00,0.000000000000000000e+00,0.000000000000000000e+00,0.000000000000000000e+00,0.000000000000000000e+00,0.000000000000000000e+00,0.000000000000000000e+00,0.000000000000000000e+00,0.000000000000000000e+00,0.000000000000000000e+00,0.000000000000000000e+00,0.000000000000000000e+00,0.000000000000000000e+00,0.000000000000000000e+00,0.000000000000000000e+00,0.000000000000000000e+00,0.000000000000000000e+00,0.000000000000000000e+00,0.000000000000000000e+00,0.000000000000000000e+00,0.000000000000000000e+00,0.000000000000000000e+00,0.000000000000000000e+00,0.000000000000000000e+00,0.000000000000000000e+00,0.000000000000000000e+00,0.000000000000000000e+00,0.000000000000000000e+00,0.000000000000000000e+00,0.000000000000000000e+00,0.000000000000000000e+00,0.000000000000000000e+00,0.000000000000000000e+00,0.000000000000000000e+00,0.000000000000000000e+00,0.000000000000000000e+00,0.000000000000000000e+00,0.000000000000000000e+00,0.000000000000000000e+00,0.000000000000000000e+00,0.000000000000000000e+00,0.000000000000000000e+00,0.000000000000000000e+00,0.000000000000000000e+00,0.000000000000000000e+00,0.000000000000000000e+00,0.000000000000000000e+00,0.000000000000000000e+00,0.000000000000000000e+00,0.000000000000000000e+00,0.000000000000000000e+00,0.000000000000000000e+00,0.000000000000000000e+00,0.000000000000000000e+00,0.000000000000000000e+00,0.000000000000000000e+00,0.000000000000000000e+00,0.000000000000000000e+00,0.000000000000000000e+00,0.000000000000000000e+00,0.000000000000000000e+00,0.000000000000000000e+00,0.000000000000000000e+00,0.000000000000000000e+00,0.000000000000000000e+00,0.000000000000000000e+00,0.000000000000000000e+00,0.000000000000000000e+00
1.199999999999999956e+00,4.000000000000000000e+00,5.999999999999999778e-01,0.000000000000000000e+00,2.419999999999999929e+01,0.000000000000000000e+00,0.000000000000000000e+00,0.000000000000000000e+00,0.000000000000000000e+00,0.000000000000000000e+00,0.000000000000000000e+00,0.000000000000000000e+00,0.000000000000000000e+00,0.000000000000000000e+00,0.000000000000000000e+00,2.000000000000000111e-01,0.000000000000000000e+00,0.000000000000000000e+00,0.000000000000000000e+00,2.000000000000000111e-01,8.000000000000000444e-01,2.000000000000000389e-01,1.000000000000000000e+00,0.000000000000000000e+00,0.000000000000000000e+00,0.000000000000000000e+00,0.000000000000000000e+00,8.000000000000000444e-01,3.000000000000000000e+00,0.000000000000000000e+00,3.979999999999999716e+01,1.000000000000000000e+00,4.000000000000000222e-01,4.000000000000000222e-01,9.800000000000000711e+00,0.000000000000000000e+00,0.000000000000000000e+00,0.000000000000000000e+00,2.480000000000000071e+01,0.000000000000000000e+00,1.519999999999999929e+01,0.000000000000000000e+00,2.360000000000000142e+01,0.000000000000000000e+00,3.799999999999999378e+00,0.000000000000000000e+00,0.000000000000000000e+00,0.000000000000000000e+00,0.000000000000000000e+00,0.000000000000000000e+00,0.000000000000000000e+00,0.000000000000000000e+00,1.240000000000000036e+01,1.799999999999999822e+00,2.000000000000000389e-01,0.000000000000000000e+00,1.719999999999999929e+01,0.000000000000000000e+00,0.000000000000000000e+00,0.000000000000000000e+00,0.000000000000000000e+00,0.000000000000000000e+00,1.180000000000000071e+01,1.800000000000000000e+01,0.000000000000000000e+00,0.000000000000000000e+00,1.000000000000000000e+00,0.000000000000000000e+00,5.999999999999999778e-01,0.000000000000000000e+00,1.240000000000000036e+01,2.439999999999999858e+01
0.000000000000000000e+00,0.000000000000000000e+00,0.000000000000000000e+00,0.000000000000000000e+00,1.600000000000000089e+00,0.000000000000000000e+00,0.000000000000000000e+00,0.000000000000000000e+00,0.000000000000000000e+00,0.000000000000000000e+00,0.000000000000000000e+00,0.000000000000000000e+00,0.000000000000000000e+00,0.000000000000000000e+00,0.000000000000000000e+00,0.000000000000000000e+00,0.000000000000000000e+00,0.000000000000000000e+00,2.000000000000000111e-01,0.000000000000000000e+00,0.000000000000000000e+00,0.000000000000000000e+00,0.000000000000000000e+00,0.000000000000000000e+00,0.000000000000000000e+00,0.000000000000000000e+00,0.000000000000000000e+00,0.000000000000000000e+00,0.000000000000000000e+00,0.000000000000000000e+00,9.800000000000000711e+00,0.000000000000000000e+00,0.000000000000000000e+00,0.000000000000000000e+00,0.000000000000000000e+00,4.000000000000000777e-01,0.000000000000000000e+00,0.000000000000000000e+00,4.200000000000000178e+00,0.000000000000000000e+00,0.000000000000000000e+00,0.000000000000000000e+00,0.000000000000000000e+00,0.000000000000000000e+00,0.000000000000000000e+00,0.000000000000000000e+00,0.000000000000000000e+00,0.000000000000000000e+00,0.000000000000000000e+00,0.000000000000000000e+00,0.000000000000000000e+00,0.000000000000000000e+00,0.000000000000000000e+00,8.000000000000000444e-01,0.000000000000000000e+00,0.000000000000000000e+00,2.000000000000000111e-01,0.000000000000000000e+00,0.000000000000000000e+00,0.000000000000000000e+00,0.000000000000000000e+00,0.000000000000000000e+00,0.000000000000000000e+00,0.000000000000000000e+00,0.000000000000000000e+00,0.000000000000000000e+00,0.000000000000000000e+00,0.000000000000000000e+00,0.000000000000000000e+00,0.000000000000000000e+00,0.000000000000000000e+00,0.000000000000000000e+00
0.000000000000000000e+00,0.000000000000000000e+00,1.000000000000000000e+01,0.000000000000000000e+00,0.000000000000000000e+00,0.000000000000000000e+00,0.000000000000000000e+00,0.000000000000000000e+00,0.000000000000000000e+00,0.000000000000000000e+00,0.000000000000000000e+00,0.000000000000000000e+00,0.000000000000000000e+00,0.000000000000000000e+00,0.000000000000000000e+00,0.000000000000000000e+00,0.000000000000000000e+00,0.000000000000000000e+00,0.000000000000000000e+00,0.000000000000000000e+00,0.000000000000000000e+00,0.000000000000000000e+00,0.000000000000000000e+00,0.000000000000000000e+00,0.000000000000000000e+00,0.000000000000000000e+00,0.000000000000000000e+00,0.000000000000000000e+00,0.000000000000000000e+00,0.000000000000000000e+00,0.000000000000000000e+00,0.000000000000000000e+00,0.000000000000000000e+00,0.000000000000000000e+00,2.000000000000000111e-01,0.000000000000000000e+00,0.000000000000000000e+00,0.000000000000000000e+00,0.000000000000000000e+00,0.000000000000000000e+00,0.000000000000000000e+00,0.000000000000000000e+00,0.000000000000000000e+00,0.000000000000000000e+00,0.000000000000000000e+00,0.000000000000000000e+00,0.000000000000000000e+00,0.000000000000000000e+00,0.000000000000000000e+00,0.000000000000000000e+00,0.000000000000000000e+00,0.000000000000000000e+00,1.280000000000000071e+01,1.780000000000000071e+01,0.000000000000000000e+00,0.000000000000000000e+00,0.000000000000000000e+00,0.000000000000000000e+00,0.000000000000000000e+00,0.000000000000000000e+00,0.000000000000000000e+00,0.000000000000000000e+00,0.000000000000000000e+00,0.000000000000000000e+00,0.000000000000000000e+00,2.800000000000000000e+01,5.520000000000000284e+01,4.000000000000000222e-01,1.399999999999999911e+00,0.000000000000000000e+00,1.280000000000000071e+01,0.000000000000000000e+00
0.000000000000000000e+00,0.000000000000000000e+00,0.000000000000000000e+00,0.000000000000000000e+00,0.000000000000000000e+00,0.000000000000000000e+00,0.000000000000000000e+00,0.000000000000000000e+00,0.000000000000000000e+00,0.000000000000000000e+00,0.000000000000000000e+00,0.000000000000000000e+00,0.000000000000000000e+00,0.000000000000000000e+00,0.000000000000000000e+00,0.000000000000000000e+00,0.000000000000000000e+00,0.000000000000000000e+00,0.000000000000000000e+00,0.000000000000000000e+00,0.000000000000000000e+00,0.000000000000000000e+00,0.000000000000000000e+00,0.000000000000000000e+00,0.000000000000000000e+00,0.000000000000000000e+00,0.000000000000000000e+00,0.000000000000000000e+00,0.000000000000000000e+00,0.000000000000000000e+00,0.000000000000000000e+00,0.000000000000000000e+00,0.000000000000000000e+00,0.000000000000000000e+00,0.000000000000000000e+00,0.000000000000000000e+00,0.000000000000000000e+00,0.000000000000000000e+00,0.000000000000000000e+00,0.000000000000000000e+00,0.000000000000000000e+00,0.000000000000000000e+00,0.000000000000000000e+00,0.000000000000000000e+00,0.000000000000000000e+00,0.000000000000000000e+00,0.000000000000000000e+00,0.000000000000000000e+00,0.000000000000000000e+00,0.000000000000000000e+00,0.000000000000000000e+00,0.000000000000000000e+00,0.000000000000000000e+00,0.000000000000000000e+00,0.000000000000000000e+00,0.000000000000000000e+00,0.000000000000000000e+00,0.000000000000000000e+00,0.000000000000000000e+00,0.000000000000000000e+00,0.000000000000000000e+00,0.000000000000000000e+00,0.000000000000000000e+00,0.000000000000000000e+00,0.000000000000000000e+00,0.000000000000000000e+00,2.000000000000000111e-01,0.000000000000000000e+00,0.000000000000000000e+00,0.000000000000000000e+00,0.000000000000000000e+00,0.000000000000000000e+00
0.000000000000000000e+00,0.000000000000000000e+00,0.000000000000000000e+00,0.000000000000000000e+00,0.000000000000000000e+00,0.000000000000000000e+00,0.000000000000000000e+00,0.000000000000000000e+00,0.000000000000000000e+00,0.000000000000000000e+00,0.000000000000000000e+00,0.000000000000000000e+00,0.000000000000000000e+00,0.000000000000000000e+00,0.000000000000000000e+00,0.000000000000000000e+00,0.000000000000000000e+00,0.000000000000000000e+00,0.000000000000000000e+00,0.000000000000000000e+00,0.000000000000000000e+00,0.000000000000000000e+00,0.000000000000000000e+00,0.000000000000000000e+00,0.000000000000000000e+00,0.000000000000000000e+00,0.000000000000000000e+00,0.000000000000000000e+00,0.000000000000000000e+00,0.000000000000000000e+00,0.000000000000000000e+00,0.000000000000000000e+00,0.000000000000000000e+00,0.000000000000000000e+00,0.000000000000000000e+00,0.000000000000000000e+00,0.000000000000000000e+00,0.000000000000000000e+00,0.000000000000000000e+00,0.000000000000000000e+00,0.000000000000000000e+00,0.000000000000000000e+00,0.000000000000000000e+00,0.000000000000000000e+00,0.000000000000000000e+00,0.000000000000000000e+00,0.000000000000000000e+00,0.000000000000000000e+00,0.000000000000000000e+00,0.000000000000000000e+00,0.000000000000000000e+00,0.000000000000000000e+00,0.000000000000000000e+00,0.000000000000000000e+00,0.000000000000000000e+00,0.000000000000000000e+00,0.000000000000000000e+00,0.000000000000000000e+00,0.000000000000000000e+00,0.000000000000000000e+00,0.000000000000000000e+00,0.000000000000000000e+00,0.000000000000000000e+00,0.000000000000000000e+00,0.000000000000000000e+00,0.000000000000000000e+00,0.000000000000000000e+00,0.000000000000000000e+00,0.000000000000000000e+00,0.000000000000000000e+00,0.000000000000000000e+00,0.000000000000000000e+00
0.000000000000000000e+00,0.000000000000000000e+00,0.000000000000000000e+00,0.000000000000000000e+00,0.000000000000000000e+00,0.000000000000000000e+00,0.000000000000000000e+00,0.000000000000000000e+00,0.000000000000000000e+00,0.000000000000000000e+00,0.000000000000000000e+00,0.000000000000000000e+00,0.000000000000000000e+00,0.000000000000000000e+00,0.000000000000000000e+00,0.000000000000000000e+00,0.000000000000000000e+00,0.000000000000000000e+00,0.000000000000000000e+00,0.000000000000000000e+00,0.000000000000000000e+00,0.000000000000000000e+00,0.000000000000000000e+00,0.000000000000000000e+00,0.000000000000000000e+00,0.000000000000000000e+00,0.000000000000000000e+00,0.000000000000000000e+00,0.000000000000000000e+00,0.000000000000000000e+00,0.000000000000000000e+00,0.000000000000000000e+00,0.000000000000000000e+00,0.000000000000000000e+00,0.000000000000000000e+00,0.000000000000000000e+00,0.000000000000000000e+00,0.000000000000000000e+00,0.000000000000000000e+00,0.000000000000000000e+00,0.000000000000000000e+00,0.000000000000000000e+00,0.000000000000000000e+00,0.000000000000000000e+00,0.000000000000000000e+00,0.000000000000000000e+00,0.000000000000000000e+00,0.000000000000000000e+00,0.000000000000000000e+00,0.000000000000000000e+00,0.000000000000000000e+00,0.000000000000000000e+00,0.000000000000000000e+00,0.000000000000000000e+00,0.000000000000000000e+00,0.000000000000000000e+00,0.000000000000000000e+00,0.000000000000000000e+00,0.000000000000000000e+00,0.000000000000000000e+00,0.000000000000000000e+00,0.000000000000000000e+00,0.000000000000000000e+00,0.000000000000000000e+00,0.000000000000000000e+00,0.000000000000000000e+00,0.000000000000000000e+00,0.000000000000000000e+00,0.000000000000000000e+00,0.000000000000000000e+00,0.000000000000000000e+00,0.000000000000000000e+00
0.000000000000000000e+00,0.000000000000000000e+00,0.000000000000000000e+00,0.000000000000000000e+00,0.000000000000000000e+00,0.000000000000000000e+00,0.000000000000000000e+00,0.000000000000000000e+00,0.000000000000000000e+00,0.000000000000000000e+00,0.000000000000000000e+00,0.000000000000000000e+00,0.000000000000000000e+00,0.000000000000000000e+00,0.000000000000000000e+00,0.000000000000000000e+00,0.000000000000000000e+00,0.000000000000000000e+00,0.000000000000000000e+00,0.000000000000000000e+00,0.000000000000000000e+00,0.000000000000000000e+00,0.000000000000000000e+00,0.000000000000000000e+00,0.000000000000000000e+00,0.000000000000000000e+00,0.000000000000000000e+00,0.000000000000000000e+00,0.000000000000000000e+00,0.000000000000000000e+00,0.000000000000000000e+00,0.000000000000000000e+00,0.000000000000000000e+00,0.000000000000000000e+00,0.000000000000000000e+00,0.000000000000000000e+00,0.000000000000000000e+00,0.000000000000000000e+00,0.000000000000000000e+00,0.000000000000000000e+00,0.000000000000000000e+00,0.000000000000000000e+00,0.000000000000000000e+00,0.000000000000000000e+00,0.000000000000000000e+00,0.000000000000000000e+00,0.000000000000000000e+00,0.000000000000000000e+00,0.000000000000000000e+00,0.000000000000000000e+00,0.000000000000000000e+00,0.000000000000000000e+00,0.000000000000000000e+00,0.000000000000000000e+00,0.000000000000000000e+00,0.000000000000000000e+00,0.000000000000000000e+00,0.000000000000000000e+00,0.000000000000000000e+00,2.000000000000000389e-01,0.000000000000000000e+00,0.000000000000000000e+00,0.000000000000000000e+00,0.000000000000000000e+00,0.000000000000000000e+00,0.000000000000000000e+00,0.000000000000000000e+00,0.000000000000000000e+00,0.000000000000000000e+00,0.000000000000000000e+00,0.000000000000000000e+00,0.000000000000000000e+00
0.000000000000000000e+00,1.000000000000000000e+00,0.000000000000000000e+00,0.000000000000000000e+00,0.000000000000000000e+00,0.000000000000000000e+00,0.000000000000000000e+00,0.000000000000000000e+00,0.000000000000000000e+00,0.000000000000000000e+00,0.000000000000000000e+00,0.000000000000000000e+00,0.000000000000000000e+00,0.000000000000000000e+00,0.000000000000000000e+00,0.000000000000000000e+00,0.000000000000000000e+00,0.000000000000000000e+00,2.600000000000000089e+00,0.000000000000000000e+00,0.000000000000000000e+00,0.000000000000000000e+00,5.799999999999999822e+00,0.000000000000000000e+00,0.000000000000000000e+00,0.000000000000000000e+00,0.000000000000000000e+00,0.000000000000000000e+00,0.000000000000000000e+00,0.000000000000000000e+00,0.000000000000000000e+00,5.799999999999998934e+00,0.000000000000000000e+00,7.599999999999998757e+00,0.000000000000000000e+00,0.000000000000000000e+00,0.000000000000000000e+00,4.000000000000000222e-01,3.160000000000000142e+01,1.000000000000000000e+01,0.000000000000000000e+00,0.000000000000000000e+00,0.000000000000000000e+00,0.000000000000000000e+00,0.000000000000000000e+00,0.000000000000000000e+00,4.000000000000000222e-01,0.000000000000000000e+00,0.000000000000000000e+00,0.000000000000000000e+00,0.000000000000000000e+00,0.000000000000000000e+00,0.000000000000000000e+00,4.599999999999999645e+00,0.000000000000000000e+00,0.000000000000000000e+00,0.000000000000000000e+00,0.000000000000000000e+00,0.000000000000000000e+00,5.599999999999999645e+00,0.000000000000000000e+00,0.000000000000000000e+00,0.000000000000000000e+00,0.000000000000000000e+00,0.000000000000000000e+00,0.000000000000000000e+00,0.000000000000000000e+00,0.000000000000000000e+00,0.000000000000000000e+00,0.000000000000000000e+00,0.000000000000000000e+00,0.000000000000000000e+00
0.000000000000000000e+00,0.000000000000000000e+00,0.000000000000000000e+00,0.000000000000000000e+00,0.000000000000000000e+00,0.000000000000000000e+00,0.000000000000000000e+00,0.000000000000000000e+00,0.000000000000000000e+00,0.000000000000000000e+00,0.000000000000000000e+00,0.000000000000000000e+00,0.000000000000000000e+00,0.000000000000000000e+00,0.000000000000000000e+00,4.200000000000000178e+00,0.000000000000000000e+00,0.000000000000000000e+00,0.000000000000000000e+00,4.200000000000000178e+00,0.000000000000000000e+00,0.000000000000000000e+00,1.600000000000000089e+00,0.000000000000000000e+00,0.000000000000000000e+00,0.000000000000000000e+00,0.000000000000000000e+00,0.000000000000000000e+00,1.600000000000000089e+00,0.000000000000000000e+00,0.000000000000000000e+00,1.600000000000000089e+00,0.000000000000000000e+00,0.000000000000000000e+00,2.000000000000000111e-01,0.000000000000000000e+00,0.000000000000000000e+00,1.760000000000000142e+01,9.199999999999999289e+00,6.400000000000000355e+00,0.000000000000000000e+00,0.000000000000000000e+00,0.000000000000000000e+00,1.460000000000000142e+01,0.000000000000000000e+00,0.000000000000000000e+00,1.760000000000000142e+01,0.000000000000000000e+00,0.000000000000000000e+00,0.000000000000000000e+00,0.000000000000000000e+00,0.000000000000000000e+00,5.999999999999999778e-01,2.019999999999999929e+01,0.000000000000000000e+00,0.000000000000000000e+00,1.600000000000000000e+01,0.000000000000000000e+00,0.000000000000000000e+00,0.000000000000000000e+00,0.000000000000000000e+00,0.000000000000000000e+00,5.600000000000000533e+00,1.399999999999999911e+00,0.000000000000000000e+00,0.000000000000000000e+00,4.400000000000000000e+01,2.418000000000000114e+02,4.519999999999999574e+01,0.000000000000000000e+00,5.999999999999999778e-01,0.000000000000000000e+00
3.599999999999999645e+00,1.059999999999999964e+01,0.000000000000000000e+00,0.000000000000000000e+00,0.000000000000000000e+00,0.000000000000000000e+00,0.000000000000000000e+00,7.940000000000000568e+01,1.399999999999999911e+00,7.940000000000000568e+01,1.399999999999999911e+00,0.000000000000000000e+00,1.199999999999999956e+00,0.000000000000000000e+00,0.000000000000000000e+00,5.799999999999999822e+00,0.000000000000000000e+00,0.000000000000000000e+00,1.519999999999999929e+01,5.799999999999999822e+00,1.140000000000000036e+01,4.000000000000000777e-01,4.360000000000000142e+01,0.000000000000000000e+00,0.000000000000000000e+00,0.000000000000000000e+00,0.000000000000000000e+00,1.140000000000000036e+01,6.400000000000000355e+00,0.000000000000000000e+00,5.999999999999999778e-01,4.360000000000000142e+01,0.000000000000000000e+00,1.000000000000000000e+00,2.699999999999999645e+01,0.000000000000000000e+00,0.000000000000000000e+00,2.800000000000000000e+01,1.019999999999999751e+01,2.000000000000000111e-01,2.200000000000000178e+00,0.000000000000000000e+00,0.000000000000000000e+00,2.760000000000000142e+01,0.000000000000000000e+00,0.000000000000000000e+00,2.799999999999999645e+01,0.000000000000000000e+00,0.000000000000000000e+00,0.000000000000000000e+00,4.039999999999999858e+01,0.000000000000000000e+00,0.000000000000000000e+00,1.219999999999999929e+01,0.000000000000000000e+00,0.000000000000000000e+00,4.599999999999999645e+00,8.199999999999997513e+00,0.000000000000000000e+00,2.000000000000000389e-01,0.000000000000000000e+00,1.760000000000000142e+01,0.000000000000000000e+00,0.000000000000000000e+00,0.000000000000000000e+00,0.000000000000000000e+00,1.800000000000000266e+00,0.000000000000000000e+00,5.999999999999999778e-01,0.000000000000000000e+00,0.000000000000000000e+00,0.000000000000000000e+00
5.799999999999999822e+00,2.759999999999999787e+01,2.200000000000000178e+00,0.000000000000000000e+00,4.779999999999999716e+01,0.000000000000000000e+00,0.000000000000000000e+00,1.800000000000000044e+00,2.760000000000000142e+01,1.800000000000000044e+00,2.760000000000000142e+01,0.000000000000000000e+00,4.400000000000000355e+00,5.999999999999999778e-01,2.000000000000000111e-01,1.199999999999999956e+00,0.000000000000000000e+00,0.000000000000000000e+00,8.000000000000000444e-01,1.199999999999999956e+00,1.780000000000000071e+01,0.000000000000000000e+00,3.500000000000000000e+01,0.000000000000000000e+00,0.000000000000000000e+00,5.999999999999999778e-01,0.000000000000000000e+00,1.780000000000000071e+01,1.419999999999999929e+01,2.900000000000000355e+01,2.060000000000000142e+01,3.500000000000000000e+01,5.999999999999999778e-01,1.259999999999999964e+01,9.000000000000000000e+00,0.000000000000000000e+00,0.000000000000000000e+00,4.000000000000000000e+00,5.999999999999999778e-01,2.100000000000000000e+01,1.000000000000000000e+00,7.599999999999998757e+00,1.800000000000000044e+00,3.600000000000000089e+00,0.000000000000000000e+00,0.000000000000000000e+00,4.000000000000000000e+00,1.800000000000000044e+00,1.760000000000000142e+01,0.000000000000000000e+00,2.800000000000000000e+01,0.000000000000000000e+00,4.000000000000000222e-01,3.599999999999999645e+00,0.000000000000000000e+00,0.000000000000000000e+00,6.799999999999999822e+00,5.020000000000000284e+01,0.000000000000000000e+00,1.800000000000000000e+01,0.000000000000000000e+00,1.180000000000000071e+01,1.199999999999999956e+00,5.600000000000000000e+01,0.000000000000000000e+00,0.000000000000000000e+00,9.400000000000000355e+00,0.000000000000000000e+00,1.319999999999999929e+01,3.760000000000000142e+01,4.000000000000000222e-01,0.000000000000000000e+00
3.799999999999999378e+00,6.740000000000001990e+01,3.960000000000000142e+01,5.200000000000000178e+00,2.460000000000000142e+01,5.179999999999999716e+01,1.800000000000000000e+01,8.000000000000000000e+00,3.460000000000000142e+01,8.000000000000000000e+00,3.460000000000000142e+01,3.560000000000000142e+01,4.479999999999999716e+01,0.000000000000000000e+00,0.000000000000000000e+00,0.000000000000000000e+00,0.000000000000000000e+00,1.399999999999999911e+00,1.540000000000000036e+01,0.000000000000000000e+00,2.480000000000000071e+01,1.000000000000000000e+00,2.139999999999999858e+01,4.339999999999999858e+01,1.199999999999999956e+00,5.200000000000000178e+00,5.599999999999999645e+00,2.480000000000000071e+01,7.000000000000000000e+00,5.400000000000000355e+00,2.000000000000000111e-01,2.139999999999999858e+01,5.000000000000000000e+00,2.400000000000000000e+01,9.400000000000000355e+00,0.000000000000000000e+00,2.539999999999999858e+01,1.240000000000000036e+01,7.200000000000000000e+01,1.880000000000000071e+01,2.160000000000000142e+01,2.639999999999999858e+01,4.400000000000000355e+00,0.000000000000000000e+00,4.239999999999999858e+01,2.539999999999999858e+01,1.240000000000000036e+01,2.439999999999999858e+01,1.140000000000000036e+01,0.000000000000000000e+00,1.212000000000000028e+02,0.000000000000000000e+00,3.439999999999999858e+01,6.239999999999999858e+01,3.260000000000000142e+01,2.039999999999999858e+01,1.059999999999999964e+01,8.559999999999998010e+01,8.199999999999997513e+00,7.000000000000000000e+00,0.000000000000000000e+00,5.300000000000000000e+01,1.700000000000000000e+01,2.319999999999999929e+01,0.000000000000000000e+00,7.179999999999999716e+01,4.879999999999999716e+01,0.000000000000000000e+00,4.620000000000000284e+01,5.179999999999999716e+01,3.439999999999999858e+01,3.799999999999999822e+00
8.000000000000000444e-01,5.400000000000000355e+00,8.000000000000000000e+00,1.559999999999999964e+01,0.000000000000000000e+00,7.799999999999999822e+00,1.019999999999999929e+01,6.799999999999999822e+00,1.600000000000000089e+00,6.799999999999999822e+00,1.600000000000000089e+00,6.020000000000000284e+01,3.799999999999999822e+00,1.331999999999999886e+02,0.000000000000000000e+00,3.839999999999999858e+01,0.000000000000000000e+00,1.459999999999999964e+01,5.000000000000000000e+00,3.839999999999999858e+01,3.779999999999999716e+01,4.079999999999999716e+01,4.000000000000000222e-01,7.159999999999999432e+01,4.320000000000000284e+01,3.000000000000000000e+00,3.000000000000000000e+00,3.779999999999999716e+01,1.000000000000000000e+00,2.000000000000000000e+00,0.000000000000000000e+00,4.000000000000000222e-01,0.000000000000000000e+00,1.400000000000000000e+01,2.000000000000000111e-01,0.000000000000000000e+00,3.420000000000000284e+01,7.200000000000000178e+00,2.380000000000000071e+01,4.000000000000000222e-01,3.399999999999999911e+00,6.079999999999999716e+01,0.000000000000000000e+00,3.239999999999999858e+01,1.199999999999999956e+00,3.420000000000000284e+01,7.199999999999999289e+00,2.000000000000000111e-01,0.000000000000000000e+00,3.300000000000000000e+01,2.000000000000000000e+01,0.000000000000000000e+00,1.000000000000000000e+01,0.000000000000000000e+00,2.080000000000000071e+01,3.600000000000000089e+00,1.199999999999999956e+00,1.639999999999999503e+01,8.000000000000000000e+00,5.000000000000000000e+00,2.600000000000000000e+01,6.000000000000000000e+00,8.000000000000000444e-01,3.000000000000000000e+00,3.300000000000000000e+01,3.639999999999999858e+01,0.000000000000000000e+00,0.000000000000000000e+00,4.000000000000000222e-01,0.000000000000000000e+00,1.000000000000000000e+01,0.000000000000000000e+00
0.000000000000000000e+00,2.459999999999999787e+01,1.860000000000000142e+01,2.000000000000000111e-01,0.000000000000000000e+00,5.999999999999999778e-01,0.000000000000000000e+00,4.000000000000000222e-01,2.200000000000000178e+00,4.000000000000000222e-01,2.200000000000000178e+00,2.000000000000000111e-01,8.000000000000000000e+01,3.000000000000000000e+01,1.180000000000000071e+01,6.300000000000000000e+01,0.000000000000000000e+00,7.599999999999998757e+00,0.000000000000000000e+00,6.300000000000000000e+01,2.799999999999999822e+00,2.319999999999999929e+01,2.300000000000000000e+01,1.459999999999999964e+01,1.159999999999999964e+01,0.000000000000000000e+00,2.000000000000000111e-01,2.799999999999999822e+00,1.280000000000000071e+01,5.799999999999999822e+00,0.000000000000000000e+00,2.300000000000000000e+01,6.599999999999999645e+00,5.400000000000000355e+00,5.000000000000000000e+00,0.000000000000000000e+00,0.000000000000000000e+00,2.619999999999999929e+01,1.419999999999999929e+01,8.000000000000000444e-01,1.119999999999999929e+01,2.000000000000000111e-01,0.000000000000000000e+00,4.739999999999999858e+01,6.599999999999999645e+00,0.000000000000000000e+00,2.619999999999999929e+01,1.000000000000000000e+00,6.000000000000000000e+00,1.399999999999999911e+00,1.399999999999999911e+00,0.000000000000000000e+00,2.000000000000000111e-01,4.000000000000000222e-01,9.199999999999999289e+00,0.000000000000000000e+00,1.180000000000000071e+01,1.000000000000000000e+00,4.000000000000000222e-01,4.840000000000000568e+01,8.400000000000000355e+00,2.000000000000000111e-01,1.240000000000000036e+01,8.000000000000000444e-01,1.399999999999999911e+00,7.400000000000000355e+00,1.839999999999999858e+01,0.000000000000000000e+00,2.000000000000000000e+00,1.399999999999999911e+00,2.000000000000000111e-01,0.000000000000000000e+00
8.000000000000000444e-01,0.000000000000000000e+00,2.580000000000000071e+01,0.000000000000000000e+00,6.200000000000000178e+00,5.799999999999999822e+00,1.399999999999999911e+00,0.000000000000000000e+00,0.000000000000000000e+00,0.000000000000000000e+00,0.000000000000000000e+00,0.000000000000000000e+00,2.300000000000000000e+01,9.000000000000000000e+00,0.000000000000000000e+00,1.159999999999999964e+01,0.000000000000000000e+00,5.000000000000000000e+00,0.000000000000000000e+00,1.159999999999999964e+01,5.999999999999999778e-01,5.420000000000000995e+01,0.000000000000000000e+00,4.220000000000000284e+01,1.980000000000000071e+01,2.160000000000000142e+01,2.500000000000000000e+01,5.999999999999999778e-01,0.000000000000000000e+00,2.680000000000000071e+01,0.000000000000000000e+00,0.000000000000000000e+00,2.919999999999999929e+01,7.200000000000000178e+00,2.000000000000000111e-01,0.000000000000000000e+00,6.000000000000000000e+00,7.400000000000000355e+00,0.000000000000000000e+00,0.000000000000000000e+00,4.239999999999999858e+01,2.399999999999999911e+00,0.000000000000000000e+00,2.400000000000000000e+01,0.000000000000000000e+00,6.000000000000000000e+00,7.400000000000001243e+00,4.599999999999999645e+00,0.000000000000000000e+00,7.000000000000000000e+00,0.000000000000000000e+00,0.000000000000000000e+00,8.000000000000000000e+00,7.520000000000000284e+01,0.000000000000000000e+00,2.000000000000000111e-01,4.000000000000000222e-01,9.800000000000000711e+00,0.000000000000000000e+00,1.399999999999999911e+00,0.000000000000000000e+00,0.000000000000000000e+00,2.800000000000000000e+01,3.000000000000000000e+00,7.000000000000000000e+00,1.960000000000000142e+01,0.000000000000000000e+00,0.000000000000000000e+00,8.800000000000000711e+00,6.599999999999999645e+00,8.000000000000000000e+00,0.000000000000000000e+00
1.199999999999999956e+00,0.000000000000000000e+00,1.319999999999999929e+01,9.400000000000000355e+00,2.000000000000000111e-01,7.000000000000000000e+00,0.000000000000000000e+00,0.000000000000000000e+00,0.000000000000000000e+00,0.000000000000000000e+00,0.000000000000000000e+00,8.400000000000000355e+00,0.000000000000000000e+00,1.399999999999999911e+00,4.799999999999999822e+00,1.019999999999999929e+01,0.000000000000000000e+00,1.199999999999999956e+00,0.000000000000000000e+00,1.019999999999999929e+01,1.639999999999999503e+01,4.000000000000000000e+00,0.000000000000000000e+00,1.800000000000000044e+00,8.000000000000000444e-01,2.600000000000000089e+00,3.200000000000000178e+00,1.639999999999999503e+01,0.000000000000000000e+00,8.000000000000000444e-01,0.000000000000000000e+00,0.000000000000000000e+00,1.199999999999999956e+00,2.000000000000000111e-01,0.000000000000000000e+00,0.000000000000000000e+00,0.000000000000000000e+00,0.000000000000000000e+00,0.000000000000000000e+00,0.000000000000000000e+00,0.000000000000000000e+00,0.000000000000000000e+00,4.599999999999999645e+00,4.139999999999999858e+01,1.800000000000000044e+00,0.000000000000000000e+00,0.000000000000000000e+00,1.080000000000000071e+01,0.000000000000000000e+00,5.999999999999999778e-01,1.400000000000000000e+01,0.000000000000000000e+00,0.000000000000000000e+00,6.200000000000000178e+00,4.000000000000000777e-01,1.219999999999999929e+01,4.000000000000000222e-01,6.200000000000000178e+00,0.000000000000000000e+00,0.000000000000000000e+00,5.999999999999999778e-01,6.200000000000000178e+00,4.000000000000000222e-01,1.900000000000000000e+01,5.999999999999999778e-01,0.000000000000000000e+00,0.000000000000000000e+00,0.000000000000000000e+00,2.000000000000000111e-01,2.000000000000000111e-01,0.000000000000000000e+00,0.000000000000000000e+00
3.399999999999999911e+00,0.000000000000000000e+00,3.000000000000000000e+00,2.000000000000000111e-01,2.399999999999999911e+00,2.000000000000000000e+00,4.000000000000000000e+00,0.000000000000000000e+00,0.000000000000000000e+00,0.000000000000000000e+00,0.000000000000000000e+00,5.999999999999999778e-01,1.000000000000000000e+00,3.399999999999999911e+00,0.000000000000000000e+00,3.979999999999999716e+01,0.000000000000000000e+00,3.200000000000000178e+00,0.000000000000000000e+00,3.979999999999999716e+01,7.800000000000000711e+00,1.739999999999999503e+01,0.000000000000000000e+00,5.400000000000000355e+00,7.799999999999998934e+00,1.259999999999999964e+01,1.380000000000000071e+01,7.799999999999999822e+00,2.399999999999999911e+00,3.200000000000000178e+00,7.799999999999999822e+00,0.000000000000000000e+00,1.000000000000000000e+00,1.019999999999999929e+01,2.200000000000000178e+00,0.000000000000000000e+00,1.399999999999999911e+00,5.599999999999999645e+00,0.000000000000000000e+00,0.000000000000000000e+00,5.599999999999999645e+00,8.000000000000000444e-01,1.319999999999999929e+01,4.680000000000000426e+01,7.799999999999999822e+00,1.399999999999999911e+00,5.600000000000000533e+00,5.200000000000000178e+00,1.140000000000000036e+01,3.600000000000000089e+00,6.000000000000000000e+00,0.000000000000000000e+00,2.200000000000000178e+00,1.380000000000000071e+01,7.199999999999999289e+00,2.200000000000000178e+00,5.200000000000000178e+00,4.200000000000000178e+00,0.000000000000000000e+00,2.000000000000000000e+00,4.799999999999999822e+00,1.800000000000000000e+01,5.799999999999999822e+00,2.799999999999999822e+00,3.600000000000000089e+00,1.000000000000000000e+00,0.000000000000000000e+00,0.000000000000000000e+00,8.400000000000000355e+00,2.619999999999999929e+01,2.200000000000000178e+00,1.999999999999999833e-01
2.080000000000000071e+01,0.000000000000000000e+00,2.000000000000000111e-01,4.279999999999999716e+01,2.000000000000000111e-01,1.240000000000000036e+01,9.800000000000000711e+00,0.000000000000000000e+00,0.000000000000000000e+00,0.000000000000000000e+00,0.000000000000000000e+00,7.000000000000000000e+00,2.000000000000000111e-01,1.059999999999999964e+01,1.259999999999999964e+01,7.940000000000000568e+01,0.000000000000000000e+00,7.200000000000000178e+00,0.000000000000000000e+00,7.940000000000000568e+01,1.024000000000000057e+02,7.000000000000000000e+01,0.000000000000000000e+00,1.440000000000000036e+01,1.400000000000000000e+01,2.080000000000000071e+01,2.339999999999999858e+01,1.024000000000000057e+02,2.000000000000000111e-01,1.140000000000000036e+01,0.000000000000000000e+00,0.000000000000000000e+00,1.000000000000000000e+00,4.400000000000000355e+00,1.399999999999999911e+00,0.000000000000000000e+00,5.599999999999999645e+00,0.000000000000000000e+00,0.000000000000000000e+00,0.000000000000000000e+00,1.000000000000000000e+00,7.599999999999998757e+00,3.800000000000000266e+00,1.085999999999999943e+02,8.000000000000000444e-01,5.599999999999999645e+00,0.000000000000000000e+00,1.800000000000000044e+00,2.000000000000000111e-01,9.199999999999999289e+00,8.500000000000000000e+01,0.000000000000000000e+00,4.000000000000000222e-01,2.000000000000000111e-01,3.839999999999999858e+01,5.000000000000000000e+00,1.000000000000000000e+00,6.900000000000000000e+01,0.000000000000000000e+00,2.000000000000000389e-01,2.760000000000000142e+01,2.360000000000000142e+01,2.000000000000000000e+00,4.200000000000000178e+00,9.199999999999999289e+00,1.000000000000000000e+00,0.000000000000000000e+00,0.000000000000000000e+00,1.199999999999999956e+00,2.000000000000000111e-01,4.000000000000000222e-01,1.619999999999999929e+01
7.220000000000000284e+01,0.000000000000000000e+00,2.000000000000000111e-01,3.399999999999999911e+00,0.000000000000000000e+00,2.619999999999999929e+01,1.295999999999999943e+02,0.000000000000000000e+00,0.000000000000000000e+00,0.000000000000000000e+00,0.000000000000000000e+00,1.800000000000000044e+00,8.400000000000000355e+00,1.425999999999999943e+02,6.200000000000000178e+00,1.939999999999999858e+01,0.000000000000000000e+00,2.000000000000000111e-01,0.000000000000000000e+00,1.939999999999999858e+01,8.920000000000000284e+01,4.320000000000000284e+01,0.000000000000000000e+00,0.000000000000000000e+00,2.200000000000000178e+00,5.799999999999999822e+00,7.599999999999998757e+00,8.920000000000000284e+01,6.400000000000000355e+00,7.400000000000000355e+00,0.000000000000000000e+00,0.000000000000000000e+00,3.200000000000000178e+00,4.000000000000000222e-01,4.000000000000000000e+00,0.000000000000000000e+00,3.879999999999999716e+01,2.519999999999999574e+01,0.000000000000000000e+00,0.000000000000000000e+00,0.000000000000000000e+00,2.180000000000000071e+01,0.000000000000000000e+00,2.639999999999999858e+01,1.939999999999999858e+01,3.879999999999999716e+01,2.519999999999999574e+01,3.839999999999999858e+01,0.000000000000000000e+00,4.879999999999999716e+01,1.780000000000000071e+01,8.720000000000000284e+01,1.100000000000000000e+01,0.000000000000000000e+00,2.860000000000000142e+01,2.000000000000000111e-01,2.600000000000000089e+00,3.239999999999999858e+01,1.540000000000000036e+01,6.279999999999999716e+01,1.739999999999999503e+01,7.200000000000000178e+00,5.999999999999999778e-01,8.000000000000000444e-01,4.879999999999999716e+01,4.500000000000000000e+01,0.000000000000000000e+00,0.000000000000000000e+00,0.000000000000000000e+00,0.000000000000000000e+00,1.100000000000000000e+01,1.177999999999999972e+02
1.580000000000000249e+01,0.000000000000000000e+00,0.000000000000000000e+00,1.680000000000000071e+01,2.000000000000000111e-01,5.320000000000000284e+01,1.059999999999999964e+01,0.000000000000000000e+00,0.000000000000000000e+00,0.000000000000000000e+00,0.000000000000000000e+00,2.480000000000000071e+01,3.600000000000000089e+00,2.180000000000000071e+01,1.380000000000000071e+01,2.200000000000000000e+01,0.000000000000000000e+00,4.000000000000000222e-01,0.000000000000000000e+00,2.200000000000000000e+01,4.320000000000000284e+01,4.279999999999999716e+01,0.000000000000000000e+00,1.700000000000000000e+01,7.799999999999998934e+00,9.000000000000000000e+00,8.599999999999997868e+00,4.320000000000000284e+01,1.619999999999999929e+01,2.600000000000000089e+00,3.200000000000000178e+00,0.000000000000000000e+00,1.399999999999999911e+00,1.440000000000000036e+01,1.040000000000000036e+01,0.000000000000000000e+00,1.280000000000000071e+01,2.719999999999999929e+01,0.000000000000000000e+00,0.000000000000000000e+00,1.240000000000000036e+01,8.400000000000000355e+00,1.280000000000000071e+01,3.220000000000000284e+01,2.680000000000000071e+01,1.280000000000000071e+01,2.719999999999999929e+01,6.200000000000001066e+00,1.119999999999999929e+01,1.939999999999999858e+01,3.379999999999999716e+01,2.819999999999999929e+01,0.000000000000000000e+00,0.000000000000000000e+00,4.639999999999999858e+01,2.739999999999999858e+01,1.100000000000000000e+01,3.439999999999999858e+01,2.300000000000000000e+01,6.339999999999999858e+01,4.839999999999999858e+01,5.799999999999999822e+00,1.080000000000000071e+01,3.679999999999999716e+01,1.939999999999999858e+01,0.000000000000000000e+00,0.000000000000000000e+00,0.000000000000000000e+00,1.000000000000000000e+00,2.600000000000000089e+00,0.000000000000000000e+00,7.799999999999999822e+00
2.600000000000000089e+00,0.000000000000000000e+00,1.800000000000000044e+00,2.000000000000000111e-01,8.000000000000000444e-01,7.400000000000000355e+00,2.000000000000000000e+00,0.000000000000000000e+00,0.000000000000000000e+00,0.000000000000000000e+00,0.000000000000000000e+00,1.199999999999999956e+00,4.000000000000000222e-01,1.000000000000000000e+00,0.000000000000000000e+00,4.000000000000000222e-01,0.000000000000000000e+00,5.999999999999999778e-01,0.000000000000000000e+00,4.000000000000000222e-01,6.599999999999999645e+00,2.000000000000000389e-01,0.000000000000000000e+00,1.399999999999999911e+00,2.200000000000000178e+00,8.000000000000000444e-01,8.000000000000000444e-01,6.599999999999999645e+00,0.000000000000000000e+00,1.000000000000000000e+00,4.000000000000000222e-01,0.000000000000000000e+00,0.000000000000000000e+00,3.600000000000000089e+00,1.000000000000000000e+00,0.000000000000000000e+00,5.999999999999999778e-01,0.000000000000000000e+00,0.000000000000000000e+00,0.000000000000000000e+00,4.000000000000000222e-01,1.000000000000000000e+00,1.800000000000000044e+00,1.600000000000000089e+00,5.999999999999999778e-01,5.999999999999999778e-01,0.000000000000000000e+00,1.199999999999999956e+00,0.000000000000000000e+00,2.000000000000000111e-01,1.219999999999999929e+01,2.399999999999999911e+00,1.399999999999999911e+00,4.000000000000000222e-01,1.000000000000000000e+00,2.399999999999999911e+00,1.199999999999999956e+00,3.799999999999999822e+00,4.000000000000000222e-01,2.000000000000000389e-01,4.000000000000000222e-01,4.000000000000000222e-01,4.000000000000000222e-01,2.600000000000000089e+00,2.000000000000000111e-01,1.399999999999999911e+00,0.000000000000000000e+00,1.199999999999999956e+00,3.200000000000000178e+00,8.000000000000000444e-01,1.399999999999999911e+00,1.599999999999999867e+00
0.000000000000000000e+00,0.000000000000000000e+00,0.000000000000000000e+00,3.000000000000000000e+00,0.000000000000000000e+00,2.000000000000000111e-01,2.000000000000000111e-01,0.000000000000000000e+00,0.000000000000000000e+00,0.000000000000000000e+00,0.000000000000000000e+00,0.000000000000000000e+00,0.000000000000000000e+00,4.000000000000000222e-01,5.999999999999999778e-01,2.000000000000000000e+00,0.000000000000000000e+00,4.000000000000000222e-01,0.000000000000000000e+00,2.000000000000000000e+00,2.660000000000000142e+01,0.000000000000000000e+00,0.000000000000000000e+00,0.000000000000000000e+00,4.000000000000000222e-01,2.000000000000000111e-01,4.000000000000000222e-01,2.660000000000000142e+01,0.000000000000000000e+00,4.000000000000000222e-01,0.000000000000000000e+00,0.000000000000000000e+00,8.000000000000000444e-01,5.999999999999999778e-01,0.000000000000000000e+00,0.000000000000000000e+00,0.000000000000000000e+00,0.000000000000000000e+00,0.000000000000000000e+00,0.000000000000000000e+00,0.000000000000000000e+00,0.000000000000000000e+00,0.000000000000000000e+00,4.000000000000000222e-01,3.200000000000000178e+00,0.000000000000000000e+00,0.000000000000000000e+00,1.399999999999999911e+00,0.000000000000000000e+00,0.000000000000000000e+00,1.059999999999999964e+01,1.639999999999999503e+01,0.000000000000000000e+00,0.000000000000000000e+00,0.000000000000000000e+00,2.000000000000000111e-01,2.000000000000000111e-01,1.180000000000000071e+01,2.399999999999999911e+00,0.000000000000000000e+00,2.000000000000000111e-01,3.200000000000000178e+00,0.000000000000000000e+00,0.000000000000000000e+00,0.000000000000000000e+00,2.000000000000000111e-01,0.000000000000000000e+00,0.000000000000000000e+00,0.000000000000000000e+00,2.000000000000000111e-01,0.000000000000000000e+00,0.000000000000000000e+00
5.999999999999999778e-01,0.000000000000000000e+00,0.000000000000000000e+00,9.599999999999999645e+00,8.000000000000000444e-01,1.000000000000000000e+00,1.399999999999999911e+00,0.000000000000000000e+00,0.000000000000000000e+00,0.000000000000000000e+00,0.000000000000000000e+00,8.000000000000000444e-01,8.000000000000000444e-01,1.000000000000000000e+00,1.100000000000000000e+01,2.799999999999999822e+00,0.000000000000000000e+00,2.439999999999999858e+01,0.000000000000000000e+00,2.799999999999999822e+00,2.019999999999999929e+01,2.460000000000000142e+01,0.000000000000000000e+00,1.539999999999999858e+01,2.380000000000000071e+01,4.000000000000000000e+00,4.599999999999999645e+00,2.019999999999999929e+01,4.000000000000000222e-01,1.140000000000000036e+01,0.000000000000000000e+00,0.000000000000000000e+00,3.660000000000000142e+01,3.200000000000000178e+00,5.999999999999999778e-01,0.000000000000000000e+00,8.000000000000000444e-01,8.000000000000000444e-01,0.000000000000000000e+00,0.000000000000000000e+00,2.000000000000000000e+00,2.600000000000000089e+00,2.600000000000000089e+00,4.400000000000000355e+00,1.960000000000000142e+01,8.000000000000000444e-01,8.000000000000000444e-01,2.419999999999999929e+01,0.000000000000000000e+00,2.000000000000000111e-01,2.060000000000000142e+01,2.580000000000000071e+01,1.199999999999999956e+00,5.999999999999999778e-01,0.000000000000000000e+00,1.000000000000000000e+00,2.600000000000000089e+00,9.800000000000000711e+00,8.199999999999997513e+00,5.999999999999999778e-01,4.000000000000000222e-01,6.799999999999999822e+00,1.600000000000000089e+00,1.199999999999999956e+00,2.000000000000000111e-01,5.999999999999999778e-01,0.000000000000000000e+00,4.000000000000000222e-01,1.800000000000000044e+00,1.800000000000000044e+00,1.199999999999999956e+00,0.000000000000000000e+00
1.319999999999999929e+01,0.000000000000000000e+00,2.799999999999999822e+00,3.239999999999999858e+01,4.400000000000000355e+00,1.319999999999999929e+01,1.540000000000000213e+01,0.000000000000000000e+00,0.000000000000000000e+00,0.000000000000000000e+00,0.000000000000000000e+00,4.599999999999999645e+00,2.000000000000000000e+00,1.800000000000000000e+01,9.359999999999999432e+01,1.728000000000000114e+02,2.000000000000000111e-01,1.434000000000000057e+02,0.000000000000000000e+00,1.728000000000000114e+02,6.039999999999999858e+01,1.072000000000000028e+02,0.000000000000000000e+00,1.274000000000000057e+02,1.314000000000000057e+02,5.779999999999999716e+01,6.420000000000000284e+01,6.040000000000000568e+01,8.000000000000000444e-01,2.380000000000000071e+01,8.000000000000000444e-01,0.000000000000000000e+00,1.005999999999999943e+02,2.600000000000000000e+01,0.000000000000000000e+00,0.000000000000000000e+00,8.800000000000000711e+00,3.000000000000000000e+00,0.000000000000000000e+00,0.000000000000000000e+00,1.199999999999999956e+00,1.460000000000000142e+01,2.000000000000000111e-01,2.088000000000000114e+02,1.122000000000000028e+02,8.800000000000000711e+00,3.000000000000000000e+00,1.094000000000000057e+02,0.000000000000000000e+00,1.660000000000000142e+01,3.560000000000000142e+01,7.659999999999998010e+01,3.000000000000000000e+00,1.799999999999999822e+00,2.760000000000000142e+01,7.599999999999999645e+00,0.000000000000000000e+00,2.180000000000000071e+01,3.139999999999999858e+01,3.399999999999999911e+00,3.620000000000000284e+01,5.679999999999999716e+01,0.000000000000000000e+00,8.199999999999997513e+00,1.660000000000000142e+01,2.200000000000000178e+00,0.000000000000000000e+00,2.600000000000000089e+00,1.259999999999999964e+01,7.000000000000000000e+00,3.000000000000000000e+00,1.240000000000000213e+01
3.200000000000000178e+00,0.000000000000000000e+00,4.799999999999999822e+00,0.000000000000000000e+00,2.799999999999999822e+00,0.000000000000000000e+00,0.000000000000000000e+00,0.000000000000000000e+00,0.000000000000000000e+00,0.000000000000000000e+00,0.000000000000000000e+00,0.000000000000000000e+00,2.000000000000000111e-01,0.000000000000000000e+00,0.000000000000000000e+00,1.359999999999999964e+01,0.000000000000000000e+00,0.000000000000000000e+00,0.000000000000000000e+00,1.359999999999999964e+01,0.000000000000000000e+00,0.000000000000000000e+00,0.000000000000000000e+00,0.000000000000000000e+00,0.000000000000000000e+00,0.000000000000000000e+00,0.000000000000000000e+00,0.000000000000000000e+00,0.000000000000000000e+00,0.000000000000000000e+00,4.599999999999999645e+00,0.000000000000000000e+00,0.000000000000000000e+00,1.399999999999999911e+00,1.600000000000000089e+00,0.000000000000000000e+00,0.000000000000000000e+00,5.999999999999999778e-01,0.000000000000000000e+00,0.000000000000000000e+00,1.199999999999999956e+00,0.000000000000000000e+00,2.239999999999999858e+01,3.119999999999999929e+01,0.000000000000000000e+00,0.000000000000000000e+00,5.999999999999999778e-01,0.000000000000000000e+00,0.000000000000000000e+00,0.000000000000000000e+00,0.000000000000000000e+00,2.000000000000000111e-01,1.199999999999999956e+00,4.000000000000000222e-01,0.000000000000000000e+00,0.000000000000000000e+00,1.800000000000000044e+00,0.000000000000000000e+00,0.000000000000000000e+00,5.999999999999999778e-01,0.000000000000000000e+00,0.000000000000000000e+00,5.799999999999999822e+00,0.000000000000000000e+00,0.000000000000000000e+00,2.000000000000000000e+00,0.000000000000000000e+00,2.799999999999999822e+00,7.400000000000000355e+00,1.579999999999999893e+01,1.199999999999999956e+00,1.999999999999999833e-01
0.000000000000000000e+00,0.000000000000000000e+00,0.000000000000000000e+00,0.000000000000000000e+00,0.000000000000000000e+00,0.000000000000000000e+00,0.000000000000000000e+00,0.000000000000000000e+00,0.000000000000000000e+00,0.000000000000000000e+00,0.000000000000000000e+00,0.000000000000000000e+00,0.000000000000000000e+00,0.000000000000000000e+00,0.000000000000000000e+00,2.000000000000000111e-01,0.000000000000000000e+00,0.000000000000000000e+00,0.000000000000000000e+00,2.000000000000000111e-01,0.000000000000000000e+00,0.000000000000000000e+00,0.000000000000000000e+00,0.000000000000000000e+00,0.000000000000000000e+00,0.000000000000000000e+00,0.000000000000000000e+00,0.000000000000000000e+00,0.000000000000000000e+00,0.000000000000000000e+00,0.000000000000000000e+00,0.000000000000000000e+00,0.000000000000000000e+00,0.000000000000000000e+00,0.000000000000000000e+00,0.000000000000000000e+00,0.000000000000000000e+00,0.000000000000000000e+00,0.000000000000000000e+00,0.000000000000000000e+00,0.000000000000000000e+00,0.000000000000000000e+00,0.000000000000000000e+00,1.399999999999999911e+00,1.399999999999999911e+00,0.000000000000000000e+00,0.000000000000000000e+00,0.000000000000000000e+00,0.000000000000000000e+00,0.000000000000000000e+00,0.000000000000000000e+00,0.000000000000000000e+00,0.000000000000000000e+00,0.000000000000000000e+00,0.000000000000000000e+00,0.000000000000000000e+00,0.000000000000000000e+00,0.000000000000000000e+00,0.000000000000000000e+00,0.000000000000000000e+00,0.000000000000000000e+00,0.000000000000000000e+00,0.000000000000000000e+00,0.000000000000000000e+00,0.000000000000000000e+00,0.000000000000000000e+00,0.000000000000000000e+00,0.000000000000000000e+00,0.000000000000000000e+00,4.000000000000000222e-01,0.000000000000000000e+00,0.000000000000000000e+00
1.399999999999999911e+00,0.000000000000000000e+00,5.999999999999999778e-01,2.399999999999999911e+00,0.000000000000000000e+00,1.000000000000000000e+00,0.000000000000000000e+00,0.000000000000000000e+00,0.000000000000000000e+00,0.000000000000000000e+00,0.000000000000000000e+00,2.000000000000000111e-01,2.000000000000000111e-01,4.000000000000000222e-01,0.000000000000000000e+00,1.200000000000000000e+01,0.000000000000000000e+00,0.000000000000000000e+00,0.000000000000000000e+00,1.200000000000000000e+01,2.200000000000000178e+00,4.000000000000000000e+00,0.000000000000000000e+00,0.000000000000000000e+00,0.000000000000000000e+00,1.600000000000000089e+00,1.600000000000000089e+00,2.200000000000000178e+00,2.399999999999999911e+00,0.000000000000000000e+00,0.000000000000000000e+00,0.000000000000000000e+00,0.000000000000000000e+00,2.000000000000000111e-01,0.000000000000000000e+00,0.000000000000000000e+00,0.000000000000000000e+00,3.600000000000000089e+00,0.000000000000000000e+00,0.000000000000000000e+00,1.000000000000000000e+00,0.000000000000000000e+00,1.399999999999999911e+00,3.279999999999999716e+01,3.799999999999999378e+00,0.000000000000000000e+00,3.599999999999999645e+00,1.399999999999999911e+00,1.040000000000000036e+01,0.000000000000000000e+00,4.000000000000000222e-01,5.999999999999999778e-01,0.000000000000000000e+00,0.000000000000000000e+00,0.000000000000000000e+00,4.000000000000000222e-01,0.000000000000000000e+00,0.000000000000000000e+00,2.600000000000000089e+00,3.300000000000000000e+01,0.000000000000000000e+00,6.799999999999999822e+00,0.000000000000000000e+00,4.000000000000000222e-01,0.000000000000000000e+00,4.799999999999999822e+00,0.000000000000000000e+00,1.800000000000000266e+00,2.379999999999999716e+01,0.000000000000000000e+00,0.000000000000000000e+00,0.000000000000000000e+00
7.599999999999998757e+00,2.500000000000000000e+01,0.000000000000000000e+00,1.199999999999999956e+00,0.000000000000000000e+00,0.000000000000000000e+00,5.000000000000000000e+00,1.015999999999999943e+02,7.459999999999998010e+01,1.015999999999999943e+02,7.459999999999998010e+01,0.000000000000000000e+00,8.000000000000000444e-01,1.399999999999999911e+00,0.000000000000000000e+00,1.040000000000000036e+01,0.000000000000000000e+00,1.000000000000000000e+00,1.554000000000000057e+02,1.040000000000000036e+01,4.400000000000000355e+00,1.480000000000000249e+01,2.439999999999999858e+01,2.000000000000000000e+00,3.000000000000000000e+00,5.000000000000000000e+00,4.799999999999999822e+00,4.400000000000000355e+00,2.399999999999999911e+00,1.800000000000000044e+00,4.000000000000000222e-01,2.439999999999999858e+01,1.800000000000000044e+00,0.000000000000000000e+00,0.000000000000000000e+00,0.000000000000000000e+00,3.600000000000000089e+00,0.000000000000000000e+00,0.000000000000000000e+00,0.000000000000000000e+00,0.000000000000000000e+00,5.799999999999999822e+00,4.400000000000000355e+00,2.380000000000000071e+01,5.400000000000000355e+00,3.600000000000000089e+00,0.000000000000000000e+00,4.599999999999999645e+00,0.000000000000000000e+00,2.399999999999999911e+00,3.799999999999999822e+00,3.400000000000000000e+01,0.000000000000000000e+00,0.000000000000000000e+00,3.200000000000000622e+00,3.600000000000000089e+00,0.000000000000000000e+00,0.000000000000000000e+00,3.000000000000000000e+00,1.019999999999999929e+01,8.000000000000000444e-01,1.660000000000000142e+01,0.000000000000000000e+00,1.000000000000000000e+00,2.399999999999999911e+00,9.400000000000000355e+00,0.000000000000000000e+00,0.000000000000000000e+00,0.000000000000000000e+00,0.000000000000000000e+00,0.000000000000000000e+00,2.799999999999999822e+00
1.760000000000000142e+01,7.999999999999999334e-01,5.999999999999999778e-01,5.999999999999999778e-01,2.000000000000000111e-01,5.200000000000000178e+00,1.100000000000000000e+01,8.000000000000000444e-01,2.000000000000000111e-01,8.000000000000000444e-01,2.000000000000000111e-01,6.000000000000000000e+00,7.900000000000000000e+01,9.199999999999999289e+00,2.799999999999999822e+00,2.980000000000000071e+01,0.000000000000000000e+00,6.200000000000000178e+00,5.999999999999999778e-01,2.980000000000000071e+01,3.000000000000000000e+00,3.839999999999999858e+01,0.000000000000000000e+00,1.199999999999999822e+01,1.300000000000000000e+01,4.000000000000000000e+00,4.599999999999999645e+00,3.000000000000000000e+00,3.439999999999999858e+01,1.080000000000000071e+01,5.999999999999999778e-01,0.000000000000000000e+00,8.599999999999997868e+00,3.000000000000000000e+00,5.999999999999999778e-01,0.000000000000000000e+00,6.000000000000000000e+00,0.000000000000000000e+00,1.000000000000000000e+00,0.000000000000000000e+00,1.399999999999999911e+00,6.400000000000000355e+00,7.599999999999998757e+00,5.000000000000000000e+01,4.599999999999999645e+00,6.000000000000000000e+00,0.000000000000000000e+00,1.199999999999999956e+00,3.019999999999999929e+01,6.799999999999999822e+00,2.600000000000000089e+00,5.999999999999999778e-01,1.000000000000000000e+00,5.999999999999999778e-01,1.580000000000000071e+01,4.799999999999999822e+00,1.399999999999999911e+00,1.399999999999999911e+00,2.200000000000000178e+00,3.600000000000000089e+00,1.100000000000000000e+01,3.000000000000000000e+00,1.799999999999999822e+00,4.000000000000000000e+00,6.799999999999999822e+00,3.679999999999999716e+01,0.000000000000000000e+00,3.739999999999999858e+01,5.999999999999999778e-01,4.599999999999999645e+00,1.000000000000000000e+00,9.599999999999999645e+00
6.400000000000000355e+00,1.000000000000000000e+00,5.999999999999999778e-01,1.480000000000000071e+01,3.600000000000000089e+00,2.000000000000000000e+00,6.200000000000000178e+00,1.199999999999999956e+00,4.000000000000000222e-01,1.199999999999999956e+00,4.000000000000000222e-01,1.399999999999999911e+00,1.000000000000000000e+00,4.200000000000000178e+00,3.200000000000000178e+00,1.140000000000000036e+01,8.000000000000000444e-01,3.600000000000000089e+00,1.199999999999999956e+00,1.140000000000000036e+01,1.300000000000000000e+01,1.219999999999999929e+01,1.000000000000000000e+00,3.600000000000000089e+00,6.400000000000000355e+00,1.059999999999999964e+01,9.800000000000000711e+00,1.300000000000000000e+01,8.000000000000000444e-01,5.799999999999999822e+00,4.200000000000000178e+00,1.000000000000000000e+00,5.200000000000000178e+00,5.000000000000000000e+00,8.000000000000000444e-01,0.000000000000000000e+00,2.799999999999999822e+00,5.999999999999999778e-01,8.000000000000000444e-01,0.000000000000000000e+00,2.600000000000000089e+00,4.799999999999999822e+00,5.799999999999999822e+00,2.700000000000000000e+01,1.019999999999999929e+01,2.799999999999999822e+00,5.999999999999999778e-01,1.419999999999999929e+01,2.000000000000000111e-01,2.600000000000000089e+00,1.939999999999999858e+01,4.100000000000000000e+01,4.000000000000000222e-01,4.000000000000000222e-01,6.400000000000001243e+00,3.600000000000000089e+00,2.000000000000000000e+00,7.799999999999998934e+00,1.359999999999999964e+01,5.999999999999999778e-01,4.200000000000000178e+00,1.100000000000000000e+01,2.600000000000000089e+00,2.799999999999999822e+00,2.600000000000000089e+00,5.999999999999999778e-01,0.000000000000000000e+00,8.000000000000000444e-01,1.600000000000000089e+00,3.799999999999999822e+00,4.000000000000000222e-01,6.600000000000000533e+00
5.599999999999999645e+00,0.000000000000000000e+00,0.000000000000000000e+00,2.399999999999999911e+00,0.000000000000000000e+00,0.000000000000000000e+00,1.199999999999999956e+00,0.000000000000000000e+00,0.000000000000000000e+00,0.000000000000000000e+00,0.000000000000000000e+00,5.999999999999999778e-01,0.000000000000000000e+00,4.799999999999999822e+00,1.199999999999999956e+00,1.040000000000000036e+01,0.000000000000000000e+00,2.200000000000000178e+00,0.000000000000000000e+00,1.040000000000000036e+01,1.199999999999999956e+00,2.100000000000000000e+01,0.000000000000000000e+00,3.399999999999999911e+00,4.599999999999999645e+00,2.219999999999999929e+01,2.839999999999999858e+01,1.199999999999999956e+00,0.000000000000000000e+00,1.140000000000000036e+01,0.000000000000000000e+00,0.000000000000000000e+00,7.200000000000000178e+00,2.000000000000000111e-01,0.000000000000000000e+00,0.000000000000000000e+00,8.000000000000000444e-01,0.000000000000000000e+00,0.000000000000000000e+00,0.000000000000000000e+00,0.000000000000000000e+00,1.600000000000000089e+00,0.000000000000000000e+00,2.060000000000000142e+01,1.019999999999999929e+01,8.000000000000000444e-01,0.000000000000000000e+00,1.140000000000000036e+01,0.000000000000000000e+00,2.799999999999999822e+00,3.200000000000000178e+00,4.599999999999999645e+00,0.000000000000000000e+00,0.000000000000000000e+00,5.799999999999999822e+00,8.000000000000000444e-01,0.000000000000000000e+00,8.000000000000000444e-01,5.599999999999999645e+00,0.000000000000000000e+00,2.799999999999999822e+00,1.380000000000000071e+01,0.000000000000000000e+00,5.999999999999999778e-01,2.799999999999999822e+00,0.000000000000000000e+00,0.000000000000000000e+00,0.000000000000000000e+00,0.000000000000000000e+00,0.000000000000000000e+00,0.000000000000000000e+00,3.600000000000000089e+00
0.000000000000000000e+00,0.000000000000000000e+00,0.000000000000000000e+00,0.000000000000000000e+00,0.000000000000000000e+00,4.000000000000000222e-01,0.000000000000000000e+00,0.000000000000000000e+00,0.000000000000000000e+00,0.000000000000000000e+00,0.000000000000000000e+00,2.000000000000000111e-01,0.000000000000000000e+00,4.000000000000000222e-01,1.399999999999999911e+00,1.600000000000000089e+00,0.000000000000000000e+00,2.000000000000000111e-01,0.000000000000000000e+00,1.600000000000000089e+00,1.800000000000000044e+00,5.599999999999999645e+00,0.000000000000000000e+00,1.000000000000000000e+00,1.000000000000000000e+00,0.000000000000000000e+00,5.999999999999999778e-01,1.800000000000000044e+00,0.000000000000000000e+00,5.999999999999999778e-01,0.000000000000000000e+00,0.000000000000000000e+00,2.000000000000000111e-01,0.000000000000000000e+00,1.900000000000000000e+01,0.000000000000000000e+00,2.000000000000000111e-01,0.000000000000000000e+00,0.000000000000000000e+00,0.000000000000000000e+00,2.000000000000000000e+00,0.000000000000000000e+00,1.800000000000000044e+00,4.799999999999999822e+00,0.000000000000000000e+00,2.000000000000000111e-01,0.000000000000000000e+00,2.000000000000000111e-01,0.000000000000000000e+00,4.000000000000000222e-01,1.399999999999999911e+00,1.019999999999999929e+01,0.000000000000000000e+00,0.000000000000000000e+00,2.799999999999999822e+00,4.000000000000000222e-01,0.000000000000000000e+00,4.000000000000000222e-01,2.000000000000000111e-01,0.000000000000000000e+00,2.600000000000000089e+00,2.399999999999999911e+00,5.600000000000000533e+00,5.999999999999999778e-01,4.000000000000000222e-01,0.000000000000000000e+00,0.000000000000000000e+00,0.000000000000000000e+00,0.000000000000000000e+00,0.000000000000000000e+00,0.000000000000000000e+00,1.999999999999999833e-01
8.800000000000000711e+00,0.000000000000000000e+00,0.000000000000000000e+00,5.400000000000000355e+00,0.000000000000000000e+00,2.000000000000000111e-01,0.000000000000000000e+00,0.000000000000000000e+00,0.000000000000000000e+00,0.000000000000000000e+00,0.000000000000000000e+00,0.000000000000000000e+00,0.000000000000000000e+00,1.000000000000000000e+00,0.000000000000000000e+00,2.000000000000000111e-01,0.000000000000000000e+00,4.200000000000000178e+00,0.000000000000000000e+00,2.000000000000000111e-01,5.000000000000000000e+00,2.399999999999999911e+00,0.000000000000000000e+00,1.800000000000000044e+00,4.000000000000000000e+00,5.999999999999999778e-01,8.000000000000000444e-01,5.000000000000000000e+00,0.000000000000000000e+00,3.799999999999999822e+00,0.000000000000000000e+00,0.000000000000000000e+00,1.600000000000000089e+00,0.000000000000000000e+00,0.000000000000000000e+00,0.000000000000000000e+00,0.000000000000000000e+00,0.000000000000000000e+00,0.000000000000000000e+00,0.000000000000000000e+00,0.000000000000000000e+00,2.000000000000000111e-01,0.000000000000000000e+00,5.999999999999999778e-01,6.000000000000000000e+00,0.000000000000000000e+00,0.000000000000000000e+00,4.200000000000000178e+00,0.000000000000000000e+00,2.000000000000000111e-01,1.000000000000000000e+01,8.199999999999997513e+00,0.000000000000000000e+00,0.000000000000000000e+00,0.000000000000000000e+00,0.000000000000000000e+00,0.000000000000000000e+00,7.400000000000000355e+00,3.200000000000000178e+00,0.000000000000000000e+00,2.000000000000000111e-01,6.400000000000000355e+00,0.000000000000000000e+00,2.000000000000000111e-01,2.000000000000000111e-01,0.000000000000000000e+00,0.000000000000000000e+00,0.000000000000000000e+00,0.000000000000000000e+00,0.000000000000000000e+00,0.000000000000000000e+00,2.000000000000000000e+00
0.000000000000000000e+00,0.000000000000000000e+00,4.000000000000000222e-01,0.000000000000000000e+00,1.080000000000000071e+01,0.000000000000000000e+00,0.000000000000000000e+00,0.000000000000000000e+00,0.000000000000000000e+00,0.000000000000000000e+00,0.000000000000000000e+00,0.000000000000000000e+00,0.000000000000000000e+00,0.000000000000000000e+00,0.000000000000000000e+00,0.000000000000000000e+00,0.000000000000000000e+00,0.000000000000000000e+00,0.000000000000000000e+00,0.000000000000000000e+00,0.000000000000000000e+00,0.000000000000000000e+00,0.000000000000000000e+00,0.000000000000000000e+00,0.000000000000000000e+00,0.000000000000000000e+00,0.000000000000000000e+00,0.000000000000000000e+00,0.000000000000000000e+00,0.000000000000000000e+00,0.000000000000000000e+00,0.000000000000000000e+00,0.000000000000000000e+00,0.000000000000000000e+00,0.000000000000000000e+00,0.000000000000000000e+00,0.000000000000000000e+00,0.000000000000000000e+00,0.000000000000000000e+00,0.000000000000000000e+00,0.000000000000000000e+00,0.000000000000000000e+00,8.000000000000000444e-01,0.000000000000000000e+00,0.000000000000000000e+00,0.000000000000000000e+00,0.000000000000000000e+00,0.000000000000000000e+00,0.000000000000000000e+00,0.000000000000000000e+00,0.000000000000000000e+00,0.000000000000000000e+00,8.000000000000000444e-01,1.000000000000000000e+00,0.000000000000000000e+00,0.000000000000000000e+00,0.000000000000000000e+00,0.000000000000000000e+00,0.000000000000000000e+00,9.599999999999999645e+00,0.000000000000000000e+00,0.000000000000000000e+00,0.000000000000000000e+00,0.000000000000000000e+00,0.000000000000000000e+00,2.000000000000000111e-01,0.000000000000000000e+00,0.000000000000000000e+00,5.000000000000000000e+00,0.000000000000000000e+00,8.000000000000000444e-01,0.000000000000000000e+00
0.000000000000000000e+00,0.000000000000000000e+00,2.000000000000000111e-01,0.000000000000000000e+00,0.000000000000000000e+00,0.000000000000000000e+00,0.000000000000000000e+00,0.000000000000000000e+00,2.000000000000000111e-01,0.000000000000000000e+00,2.000000000000000111e-01,0.000000000000000000e+00,0.000000000000000000e+00,0.000000000000000000e+00,0.000000000000000000e+00,0.000000000000000000e+00,0.000000000000000000e+00,0.000000000000000000e+00,0.000000000000000000e+00,0.000000000000000000e+00,0.000000000000000000e+00,0.000000000000000000e+00,0.000000000000000000e+00,0.000000000000000000e+00,0.000000000000000000e+00,0.000000000000000000e+00,0.000000000000000000e+00,0.000000000000000000e+00,0.000000000000000000e+00,0.000000000000000000e+00,3.600000000000000089e+00,0.000000000000000000e+00,0.000000000000000000e+00,0.000000000000000000e+00,0.000000000000000000e+00,0.000000000000000000e+00,0.000000000000000000e+00,0.000000000000000000e+00,1.500000000000000000e+01,0.000000000000000000e+00,2.000000000000000111e-01,0.000000000000000000e+00,0.000000000000000000e+00,2.000000000000000111e-01,0.000000000000000000e+00,0.000000000000000000e+00,0.000000000000000000e+00,0.000000000000000000e+00,0.000000000000000000e+00,0.000000000000000000e+00,1.399999999999999911e+00,2.000000000000000111e-01,0.000000000000000000e+00,0.000000000000000000e+00,0.000000000000000000e+00,0.000000000000000000e+00,2.200000000000000178e+00,0.000000000000000000e+00,0.000000000000000000e+00,2.200000000000000178e+00,0.000000000000000000e+00,3.200000000000000178e+00,0.000000000000000000e+00,0.000000000000000000e+00,0.000000000000000000e+00,0.000000000000000000e+00,0.000000000000000000e+00,0.000000000000000000e+00,9.440000000000000568e+01,2.399999999999999911e+00,0.000000000000000000e+00,0.000000000000000000e+00
0.000000000000000000e+00,0.000000000000000000e+00,0.000000000000000000e+00,0.000000000000000000e+00,0.000000000000000000e+00,0.000000000000000000e+00,0.000000000000000000e+00,0.000000000000000000e+00,0.000000000000000000e+00,0.000000000000000000e+00,0.000000000000000000e+00,0.000000000000000000e+00,0.000000000000000000e+00,0.000000000000000000e+00,0.000000000000000000e+00,0.000000000000000000e+00,0.000000000000000000e+00,0.000000000000000000e+00,0.000000000000000000e+00,0.000000000000000000e+00,0.000000000000000000e+00,0.000000000000000000e+00,0.000000000000000000e+00,0.000000000000000000e+00,0.000000000000000000e+00,0.000000000000000000e+00,0.000000000000000000e+00,0.000000000000000000e+00,0.000000000000000000e+00,0.000000000000000000e+00,2.000000000000000111e-01,0.000000000000000000e+00,0.000000000000000000e+00,0.000000000000000000e+00,0.000000000000000000e+00,0.000000000000000000e+00,0.000000000000000000e+00,0.000000000000000000e+00,0.000000000000000000e+00,0.000000000000000000e+00,0.000000000000000000e+00,0.000000000000000000e+00,0.000000000000000000e+00,1.199999999999999956e+00,8.000000000000000444e-01,0.000000000000000000e+00,0.000000000000000000e+00,0.000000000000000000e+00,0.000000000000000000e+00,0.000000000000000000e+00,0.000000000000000000e+00,0.000000000000000000e+00,0.000000000000000000e+00,8.599999999999997868e+00,0.000000000000000000e+00,0.000000000000000000e+00,0.000000000000000000e+00,0.000000000000000000e+00,0.000000000000000000e+00,5.999999999999999778e-01,0.000000000000000000e+00,0.000000000000000000e+00,0.000000000000000000e+00,0.000000000000000000e+00,0.000000000000000000e+00,5.799999999999999822e+00,0.000000000000000000e+00,1.819999999999999929e+01,0.000000000000000000e+00,2.000000000000000111e-01,0.000000000000000000e+00,0.000000000000000000e+00
0.000000000000000000e+00,0.000000000000000000e+00,0.000000000000000000e+00,0.000000000000000000e+00,1.040000000000000036e+01,0.000000000000000000e+00,0.000000000000000000e+00,0.000000000000000000e+00,0.000000000000000000e+00,0.000000000000000000e+00,0.000000000000000000e+00,0.000000000000000000e+00,0.000000000000000000e+00,0.000000000000000000e+00,0.000000000000000000e+00,0.000000000000000000e+00,0.000000000000000000e+00,0.000000000000000000e+00,0.000000000000000000e+00,0.000000000000000000e+00,0.000000000000000000e+00,0.000000000000000000e+00,5.400000000000000355e+00,0.000000000000000000e+00,0.000000000000000000e+00,0.000000000000000000e+00,0.000000000000000000e+00,0.000000000000000000e+00,2.000000000000000111e-01,0.000000000000000000e+00,3.000000000000000000e+00,5.400000000000000355e+00,0.000000000000000000e+00,2.000000000000000000e+00,0.000000000000000000e+00,0.000000000000000000e+00,0.000000000000000000e+00,0.000000000000000000e+00,2.800000000000000266e+00,0.000000000000000000e+00,9.000000000000000000e+00,0.000000000000000000e+00,2.000000000000000111e-01,0.000000000000000000e+00,0.000000000000000000e+00,0.000000000000000000e+00,0.000000000000000000e+00,0.000000000000000000e+00,0.000000000000000000e+00,0.000000000000000000e+00,0.000000000000000000e+00,0.000000000000000000e+00,0.000000000000000000e+00,6.000000000000000000e+00,0.000000000000000000e+00,0.000000000000000000e+00,1.619999999999999929e+01,0.000000000000000000e+00,0.000000000000000000e+00,1.139999999999999858e+01,0.000000000000000000e+00,0.000000000000000000e+00,5.600000000000000533e+00,0.000000000000000000e+00,0.000000000000000000e+00,0.000000000000000000e+00,0.000000000000000000e+00,0.000000000000000000e+00,2.000000000000000111e-01,4.400000000000000355e+00,0.000000000000000000e+00,0.000000000000000000e+00
1.240000000000000036e+01,2.540000000000000213e+01,0.000000000000000000e+00,0.000000000000000000e+00,5.979999999999999716e+01,0.000000000000000000e+00,0.000000000000000000e+00,1.200000000000000000e+01,6.799999999999999822e+00,1.200000000000000000e+01,6.799999999999999822e+00,0.000000000000000000e+00,0.000000000000000000e+00,0.000000000000000000e+00,0.000000000000000000e+00,0.000000000000000000e+00,2.000000000000000111e-01,1.199999999999999956e+00,0.000000000000000000e+00,0.000000000000000000e+00,0.000000000000000000e+00,0.000000000000000000e+00,4.039999999999999858e+01,0.000000000000000000e+00,4.799999999999999822e+00,0.000000000000000000e+00,0.000000000000000000e+00,0.000000000000000000e+00,3.200000000000000178e+00,0.000000000000000000e+00,3.000000000000000000e+00,4.039999999999999858e+01,5.200000000000000178e+00,3.039999999999999858e+01,2.619999999999999929e+01,0.000000000000000000e+00,0.000000000000000000e+00,2.180000000000000071e+01,5.999999999999999778e-01,0.000000000000000000e+00,5.239999999999999858e+01,0.000000000000000000e+00,4.139999999999999858e+01,6.200000000000000178e+00,0.000000000000000000e+00,0.000000000000000000e+00,2.180000000000000071e+01,0.000000000000000000e+00,2.000000000000000111e-01,0.000000000000000000e+00,0.000000000000000000e+00,0.000000000000000000e+00,0.000000000000000000e+00,2.780000000000000426e+01,0.000000000000000000e+00,0.000000000000000000e+00,8.199999999999997513e+00,0.000000000000000000e+00,0.000000000000000000e+00,7.599999999999998757e+00,0.000000000000000000e+00,0.000000000000000000e+00,1.860000000000000142e+01,0.000000000000000000e+00,0.000000000000000000e+00,1.000000000000000000e+01,0.000000000000000000e+00,2.799999999999999822e+00,2.000000000000000000e+01,4.400000000000000355e+00,0.000000000000000000e+00,4.660000000000000142e+01
2.660000000000000142e+01,0.000000000000000000e+00,1.600000000000000089e+00,0.000000000000000000e+00,3.200000000000000178e+00,0.000000000000000000e+00,0.000000000000000000e+00,0.000000000000000000e+00,0.000000000000000000e+00,0.000000000000000000e+00,0.000000000000000000e+00,0.000000000000000000e+00,1.199999999999999956e+00,0.000000000000000000e+00,0.000000000000000000e+00,9.599999999999999645e+00,0.000000000000000000e+00,0.000000000000000000e+00,0.000000000000000000e+00,9.599999999999999645e+00,0.000000000000000000e+00,0.000000000000000000e+00,0.000000000000000000e+00,0.000000000000000000e+00,0.000000000000000000e+00,0.000000000000000000e+00,0.000000000000000000e+00,0.000000000000000000e+00,8.000000000000000444e-01,0.000000000000000000e+00,2.200000000000000178e+00,0.000000000000000000e+00,0.000000000000000000e+00,0.000000000000000000e+00,2.000000000000000111e-01,0.000000000000000000e+00,0.000000000000000000e+00,0.000000000000000000e+00,0.000000000000000000e+00,0.000000000000000000e+00,0.000000000000000000e+00,0.000000000000000000e+00,2.460000000000000142e+01,3.119999999999999929e+01,0.000000000000000000e+00,0.000000000000000000e+00,0.000000000000000000e+00,0.000000000000000000e+00,0.000000000000000000e+00,0.000000000000000000e+00,0.000000000000000000e+00,5.200000000000000178e+00,1.399999999999999911e+00,1.199999999999999956e+00,0.000000000000000000e+00,0.000000000000000000e+00,0.000000000000000000e+00,1.199999999999999956e+00,0.000000000000000000e+00,0.000000000000000000e+00,0.000000000000000000e+00,1.399999999999999911e+00,2.000000000000000111e-01,0.000000000000000000e+00,0.000000000000000000e+00,1.000000000000000000e+00,0.000000000000000000e+00,1.000000000000000000e+00,2.000000000000000111e-01,2.000000000000000111e-01,1.399999999999999911e+00,0.000000000000000000e+00
2.000000000000000111e-01,0.000000000000000000e+00,3.000000000000000000e+00,0.000000000000000000e+00,5.599999999999999645e+00,0.000000000000000000e+00,0.000000000000000000e+00,0.000000000000000000e+00,0.000000000000000000e+00,0.000000000000000000e+00,0.000000000000000000e+00,0.000000000000000000e+00,3.600000000000000089e+00,0.000000000000000000e+00,0.000000000000000000e+00,0.000000000000000000e+00,2.000000000000000111e-01,0.000000000000000000e+00,0.000000000000000000e+00,0.000000000000000000e+00,0.000000000000000000e+00,5.420000000000000995e+01,0.000000000000000000e+00,0.000000000000000000e+00,0.000000000000000000e+00,0.000000000000000000e+00,0.000000000000000000e+00,0.000000000000000000e+00,3.399999999999999911e+00,0.000000000000000000e+00,4.000000000000000000e+00,0.000000000000000000e+00,0.000000000000000000e+00,0.000000000000000000e+00,0.000000000000000000e+00,0.000000000000000000e+00,0.000000000000000000e+00,0.000000000000000000e+00,0.000000000000000000e+00,0.000000000000000000e+00,0.000000000000000000e+00,0.000000000000000000e+00,0.000000000000000000e+00,0.000000000000000000e+00,0.000000000000000000e+00,0.000000000000000000e+00,0.000000000000000000e+00,0.000000000000000000e+00,5.599999999999999645e+00,0.000000000000000000e+00,5.799999999999999822e+00,2.000000000000000111e-01,2.000000000000000000e+00,2.800000000000000266e+00,0.000000000000000000e+00,0.000000000000000000e+00,0.000000000000000000e+00,1.519999999999999929e+01,0.000000000000000000e+00,8.599999999999997868e+00,0.000000000000000000e+00,0.000000000000000000e+00,0.000000000000000000e+00,0.000000000000000000e+00,0.000000000000000000e+00,1.000000000000000000e+00,0.000000000000000000e+00,5.999999999999999778e-01,2.000000000000000000e+00,8.000000000000000444e-01,2.000000000000000000e+00,0.000000000000000000e+00
4.799999999999999822e+00,0.000000000000000000e+00,5.000000000000000000e+00,0.000000000000000000e+00,7.200000000000000178e+00,0.000000000000000000e+00,0.000000000000000000e+00,0.000000000000000000e+00,0.000000000000000000e+00,0.000000000000000000e+00,0.000000000000000000e+00,0.000000000000000000e+00,5.599999999999999645e+00,0.000000000000000000e+00,3.000000000000000000e+00,1.600000000000000089e+00,3.200000000000000178e+00,0.000000000000000000e+00,0.000000000000000000e+00,1.600000000000000089e+00,0.000000000000000000e+00,1.140000000000000036e+01,0.000000000000000000e+00,2.059999999999999787e+01,2.000000000000000000e+00,0.000000000000000000e+00,0.000000000000000000e+00,0.000000000000000000e+00,7.400000000000000355e+00,0.000000000000000000e+00,3.399999999999999911e+00,0.000000000000000000e+00,0.000000000000000000e+00,0.000000000000000000e+00,0.000000000000000000e+00,0.000000000000000000e+00,0.000000000000000000e+00,1.000000000000000000e+00,0.000000000000000000e+00,0.000000000000000000e+00,0.000000000000000000e+00,0.000000000000000000e+00,0.000000000000000000e+00,2.000000000000000111e-01,1.059999999999999964e+01,0.000000000000000000e+00,1.000000000000000000e+00,0.000000000000000000e+00,2.319999999999999929e+01,0.000000000000000000e+00,2.000000000000000111e-01,0.000000000000000000e+00,5.599999999999999645e+00,4.599999999999999645e+00,2.000000000000000389e-01,0.000000000000000000e+00,0.000000000000000000e+00,0.000000000000000000e+00,0.000000000000000000e+00,3.000000000000000000e+00,0.000000000000000000e+00,0.000000000000000000e+00,0.000000000000000000e+00,0.000000000000000000e+00,0.000000000000000000e+00,4.799999999999999822e+00,0.000000000000000000e+00,5.000000000000000000e+00,2.399999999999999911e+00,2.200000000000000178e+00,5.599999999999999645e+00,0.000000000000000000e+00
3.799999999999999378e+00,6.600000000000000533e+00,3.800000000000000266e+00,5.000000000000000000e+00,4.200000000000000178e+00,0.000000000000000000e+00,0.000000000000000000e+00,1.300000000000000000e+01,6.400000000000000355e+00,1.300000000000000000e+01,6.400000000000000355e+00,0.000000000000000000e+00,8.000000000000000000e+00,0.000000000000000000e+00,1.719999999999999929e+01,5.400000000000000355e+00,2.560000000000000142e+01,3.799999999999999822e+00,1.359999999999999964e+01,5.400000000000000355e+00,1.560000000000000142e+01,4.400000000000000355e+00,5.599999999999999645e+00,4.799999999999999822e+00,4.799999999999999822e+00,4.400000000000000355e+00,7.599999999999998757e+00,1.559999999999999964e+01,1.100000000000000000e+01,2.600000000000000089e+00,7.400000000000000355e+00,5.599999999999999645e+00,3.799999999999999822e+00,6.000000000000000000e+00,2.399999999999999911e+00,0.000000000000000000e+00,0.000000000000000000e+00,9.000000000000000000e+00,7.599999999999998757e+00,0.000000000000000000e+00,5.000000000000000000e+00,0.000000000000000000e+00,2.000000000000000000e+00,3.600000000000000089e+00,2.399999999999999911e+00,0.000000000000000000e+00,9.000000000000000000e+00,2.200000000000000178e+00,7.800000000000000711e+00,0.000000000000000000e+00,1.800000000000000266e+00,9.199999999999999289e+00,3.800000000000000266e+00,3.399999999999999911e+00,1.119999999999999929e+01,0.000000000000000000e+00,4.200000000000000178e+00,1.199999999999999956e+00,7.399999999999999467e+00,1.040000000000000213e+01,0.000000000000000000e+00,0.000000000000000000e+00,4.799999999999999822e+00,0.000000000000000000e+00,0.000000000000000000e+00,4.000000000000000000e+00,0.000000000000000000e+00,4.799999999999999822e+00,5.400000000000000355e+00,5.599999999999999645e+00,3.800000000000000266e+00,2.799999999999999822e+00
0.000000000000000000e+00,0.000000000000000000e+00,0.000000000000000000e+00,0.000000000000000000e+00,0.000000000000000000e+00,0.000000000000000000e+00,0.000000000000000000e+00,0.000000000000000000e+00,0.000000000000000000e+00,0.000000000000000000e+00,0.000000000000000000e+00,0.000000000000000000e+00,3.579999999999999716e+01,0.000000000000000000e+00,0.000000000000000000e+00,5.200000000000000178e+00,2.000000000000000111e-01,0.000000000000000000e+00,0.000000000000000000e+00,5.200000000000000178e+00,2.000000000000000111e-01,3.599999999999999645e+00,0.000000000000000000e+00,2.000000000000000111e-01,2.000000000000000111e-01,0.000000000000000000e+00,0.000000000000000000e+00,2.000000000000000111e-01,6.799999999999999822e+00,0.000000000000000000e+00,8.000000000000000444e-01,0.000000000000000000e+00,1.199999999999999956e+00,0.000000000000000000e+00,2.000000000000000111e-01,0.000000000000000000e+00,0.000000000000000000e+00,1.399999999999999911e+00,2.200000000000000178e+00,0.000000000000000000e+00,0.000000000000000000e+00,0.000000000000000000e+00,1.399999999999999911e+00,1.060000000000000142e+01,0.000000000000000000e+00,0.000000000000000000e+00,1.400000000000000133e+00,0.000000000000000000e+00,0.000000000000000000e+00,0.000000000000000000e+00,0.000000000000000000e+00,2.000000000000000111e-01,0.000000000000000000e+00,0.000000000000000000e+00,0.000000000000000000e+00,0.000000000000000000e+00,0.000000000000000000e+00,2.000000000000000111e-01,0.000000000000000000e+00,8.000000000000000000e+00,0.000000000000000000e+00,0.000000000000000000e+00,0.000000000000000000e+00,0.000000000000000000e+00,0.000000000000000000e+00,1.399999999999999911e+00,0.000000000000000000e+00,1.399999999999999911e+00,0.000000000000000000e+00,1.000000000000000000e+00,0.000000000000000000e+00,1.000000000000000000e+00
0.000000000000000000e+00,0.000000000000000000e+00,0.000000000000000000e+00,0.000000000000000000e+00,0.000000000000000000e+00,0.000000000000000000e+00,0.000000000000000000e+00,0.000000000000000000e+00,0.000000000000000000e+00,0.000000000000000000e+00,0.000000000000000000e+00,0.000000000000000000e+00,0.000000000000000000e+00,0.000000000000000000e+00,0.000000000000000000e+00,5.999999999999999778e-01,0.000000000000000000e+00,0.000000000000000000e+00,0.000000000000000000e+00,5.999999999999999778e-01,4.000000000000000222e-01,0.000000000000000000e+00,0.000000000000000000e+00,0.000000000000000000e+00,0.000000000000000000e+00,0.000000000000000000e+00,0.000000000000000000e+00,4.000000000000000222e-01,0.000000000000000000e+00,0.000000000000000000e+00,0.000000000000000000e+00,0.000000000000000000e+00,0.000000000000000000e+00,0.000000000000000000e+00,2.000000000000000111e-01,0.000000000000000000e+00,0.000000000000000000e+00,0.000000000000000000e+00,0.000000000000000000e+00,0.000000000000000000e+00,0.000000000000000000e+00,0.000000000000000000e+00,0.000000000000000000e+00,4.200000000000000178e+00,0.000000000000000000e+00,0.000000000000000000e+00,0.000000000000000000e+00,0.000000000000000000e+00,0.000000000000000000e+00,0.000000000000000000e+00,0.000000000000000000e+00,2.000000000000000111e-01,0.000000000000000000e+00,0.000000000000000000e+00,0.000000000000000000e+00,0.000000000000000000e+00,0.000000000000000000e+00,0.000000000000000000e+00,0.000000000000000000e+00,0.000000000000000000e+00,0.000000000000000000e+00,0.000000000000000000e+00,0.000000000000000000e+00,0.000000000000000000e+00,0.000000000000000000e+00,0.000000000000000000e+00,0.000000000000000000e+00,0.000000000000000000e+00,2.000000000000000111e-01,2.000000000000000111e-01,0.000000000000000000e+00,0.000000000000000000e+00
0.000000000000000000e+00,0.000000000000000000e+00,0.000000000000000000e+00,0.000000000000000000e+00,0.000000000000000000e+00,0.000000000000000000e+00,0.000000000000000000e+00,0.000000000000000000e+00,0.000000000000000000e+00,0.000000000000000000e+00,0.000000000000000000e+00,0.000000000000000000e+00,0.000000000000000000e+00,0.000000000000000000e+00,0.000000000000000000e+00,0.000000000000000000e+00,0.000000000000000000e+00,0.000000000000000000e+00,0.000000000000000000e+00,0.000000000000000000e+00,2.600000000000000089e+00,2.000000000000000389e-01,0.000000000000000000e+00,0.000000000000000000e+00,0.000000000000000000e+00,0.000000000000000000e+00,5.999999999999999778e-01,2.600000000000000089e+00,0.000000000000000000e+00,4.000000000000000222e-01,0.000000000000000000e+00,0.000000000000000000e+00,0.000000000000000000e+00,0.000000000000000000e+00,0.000000000000000000e+00,0.000000000000000000e+00,0.000000000000000000e+00,2.000000000000000111e-01,0.000000000000000000e+00,0.000000000000000000e+00,0.000000000000000000e+00,0.000000000000000000e+00,4.000000000000000222e-01,2.799999999999999822e+00,1.199999999999999956e+00,0.000000000000000000e+00,2.000000000000000111e-01,1.199999999999999956e+00,0.000000000000000000e+00,0.000000000000000000e+00,0.000000000000000000e+00,5.000000000000000000e+00,0.000000000000000000e+00,0.000000000000000000e+00,0.000000000000000000e+00,0.000000000000000000e+00,4.000000000000000222e-01,0.000000000000000000e+00,0.000000000000000000e+00,0.000000000000000000e+00,0.000000000000000000e+00,0.000000000000000000e+00,4.000000000000000222e-01,0.000000000000000000e+00,0.000000000000000000e+00,0.000000000000000000e+00,0.000000000000000000e+00,0.000000000000000000e+00,2.000000000000000111e-01,1.600000000000000089e+00,0.000000000000000000e+00,0.000000000000000000e+00
5.200000000000000178e+00,0.000000000000000000e+00,2.000000000000000111e-01,0.000000000000000000e+00,1.800000000000000044e+00,0.000000000000000000e+00,0.000000000000000000e+00,0.000000000000000000e+00,1.199999999999999956e+00,0.000000000000000000e+00,1.199999999999999956e+00,0.000000000000000000e+00,0.000000000000000000e+00,0.000000000000000000e+00,2.000000000000000111e-01,4.479999999999999716e+01,0.000000000000000000e+00,1.399999999999999911e+00,0.000000000000000000e+00,4.479999999999999716e+01,5.999999999999999778e-01,3.180000000000000071e+01,0.000000000000000000e+00,7.400000000000000355e+00,6.400000000000000355e+00,2.180000000000000071e+01,2.580000000000000071e+01,5.999999999999999778e-01,0.000000000000000000e+00,2.399999999999999911e+00,5.999999999999999778e-01,0.000000000000000000e+00,1.000000000000000000e+00,2.000000000000000000e+00,0.000000000000000000e+00,0.000000000000000000e+00,0.000000000000000000e+00,0.000000000000000000e+00,0.000000000000000000e+00,0.000000000000000000e+00,0.000000000000000000e+00,0.000000000000000000e+00,2.000000000000000000e+00,8.079999999999998295e+01,6.799999999999999822e+00,0.000000000000000000e+00,0.000000000000000000e+00,1.000000000000000000e+01,0.000000000000000000e+00,0.000000000000000000e+00,4.000000000000000222e-01,1.000000000000000000e+01,0.000000000000000000e+00,0.000000000000000000e+00,3.200000000000000622e+00,0.000000000000000000e+00,0.000000000000000000e+00,0.000000000000000000e+00,4.000000000000000222e-01,0.000000000000000000e+00,0.000000000000000000e+00,0.000000000000000000e+00,8.000000000000000444e-01,0.000000000000000000e+00,0.000000000000000000e+00,0.000000000000000000e+00,8.000000000000000444e-01,0.000000000000000000e+00,2.000000000000000111e-01,1.000000000000000000e+00,0.000000000000000000e+00,1.000000000000000000e+00
3.500000000000000000e+01,7.999999999999999334e-01,4.000000000000000222e-01,0.000000000000000000e+00,5.999999999999999778e-01,0.000000000000000000e+00,0.000000000000000000e+00,1.000000000000000000e+00,6.599999999999999645e+00,1.000000000000000000e+00,6.599999999999999645e+00,0.000000000000000000e+00,0.000000000000000000e+00,0.000000000000000000e+00,0.000000000000000000e+00,7.820000000000000284e+01,1.800000000000000044e+00,0.000000000000000000e+00,2.000000000000000000e+00,7.820000000000000284e+01,0.000000000000000000e+00,8.000000000000000000e+00,2.600000000000000089e+00,1.399999999999999911e+00,5.999999999999999778e-01,0.000000000000000000e+00,0.000000000000000000e+00,0.000000000000000000e+00,0.000000000000000000e+00,4.000000000000000222e-01,1.000000000000000000e+00,2.600000000000000089e+00,0.000000000000000000e+00,2.060000000000000142e+01,4.400000000000000355e+00,0.000000000000000000e+00,0.000000000000000000e+00,3.200000000000000178e+00,0.000000000000000000e+00,0.000000000000000000e+00,6.599999999999999645e+00,0.000000000000000000e+00,1.240000000000000036e+01,1.320000000000000000e+02,0.000000000000000000e+00,0.000000000000000000e+00,3.200000000000000178e+00,0.000000000000000000e+00,0.000000000000000000e+00,0.000000000000000000e+00,0.000000000000000000e+00,0.000000000000000000e+00,0.000000000000000000e+00,0.000000000000000000e+00,2.200000000000000178e+00,0.000000000000000000e+00,1.800000000000000044e+00,0.000000000000000000e+00,0.000000000000000000e+00,0.000000000000000000e+00,0.000000000000000000e+00,0.000000000000000000e+00,7.199999999999999289e+00,0.000000000000000000e+00,0.000000000000000000e+00,0.000000000000000000e+00,0.000000000000000000e+00,2.000000000000000111e-01,0.000000000000000000e+00,2.000000000000000000e+00,0.000000000000000000e+00,1.680000000000000071e+01
0.000000000000000000e+00,0.000000000000000000e+00,0.000000000000000000e+00,2.000000000000000111e-01,4.000000000000000222e-01,0.000000000000000000e+00,0.000000000000000000e+00,0.000000000000000000e+00,0.000000000000000000e+00,0.000000000000000000e+00,0.000000000000000000e+00,0.000000000000000000e+00,0.000000000000000000e+00,0.000000000000000000e+00,0.000000000000000000e+00,2.200000000000000178e+00,0.000000000000000000e+00,0.000000000000000000e+00,0.000000000000000000e+00,2.200000000000000178e+00,5.999999999999999778e-01,0.000000000000000000e+00,0.000000000000000000e+00,0.000000000000000000e+00,0.000000000000000000e+00,0.000000000000000000e+00,0.000000000000000000e+00,5.999999999999999778e-01,0.000000000000000000e+00,0.000000000000000000e+00,4.000000000000000222e-01,0.000000000000000000e+00,0.000000000000000000e+00,2.000000000000000111e-01,0.000000000000000000e+00,0.000000000000000000e+00,0.000000000000000000e+00,0.000000000000000000e+00,0.000000000000000000e+00,0.000000000000000000e+00,0.000000000000000000e+00,0.000000000000000000e+00,1.399999999999999911e+00,1.359999999999999964e+01,0.000000000000000000e+00,0.000000000000000000e+00,0.000000000000000000e+00,0.000000000000000000e+00,0.000000000000000000e+00,0.000000000000000000e+00,2.000000000000000111e-01,0.000000000000000000e+00,0.000000000000000000e+00,0.000000000000000000e+00,0.000000000000000000e+00,0.000000000000000000e+00,0.000000000000000000e+00,1.399999999999999911e+00,0.000000000000000000e+00,0.000000000000000000e+00,0.000000000000000000e+00,0.000000000000000000e+00,0.000000000000000000e+00,0.000000000000000000e+00,0.000000000000000000e+00,0.000000000000000000e+00,0.000000000000000000e+00,2.000000000000000111e-01,0.000000000000000000e+00,0.000000000000000000e+00,0.000000000000000000e+00,0.000000000000000000e+00
0.000000000000000000e+00,0.000000000000000000e+00,0.000000000000000000e+00,8.000000000000000000e+00,0.000000000000000000e+00,0.000000000000000000e+00,0.000000000000000000e+00,0.000000000000000000e+00,0.000000000000000000e+00,0.000000000000000000e+00,0.000000000000000000e+00,0.000000000000000000e+00,0.000000000000000000e+00,0.000000000000000000e+00,4.200000000000000178e+00,2.339999999999999858e+01,0.000000000000000000e+00,2.000000000000000000e+00,0.000000000000000000e+00,2.339999999999999858e+01,1.600000000000000089e+00,1.019999999999999929e+01,0.000000000000000000e+00,7.000000000000000000e+00,5.599999999999999645e+00,5.000000000000000000e+00,6.599999999999999645e+00,1.600000000000000089e+00,0.000000000000000000e+00,0.000000000000000000e+00,0.000000000000000000e+00,0.000000000000000000e+00,3.399999999999999911e+00,0.000000000000000000e+00,0.000000000000000000e+00,0.000000000000000000e+00,0.000000000000000000e+00,0.000000000000000000e+00,0.000000000000000000e+00,0.000000000000000000e+00,0.000000000000000000e+00,0.000000000000000000e+00,5.999999999999999778e-01,3.460000000000000142e+01,3.799999999999999378e+00,0.000000000000000000e+00,0.000000000000000000e+00,5.200000000000000178e+00,0.000000000000000000e+00,0.000000000000000000e+00,6.400000000000000355e+00,2.000000000000000111e-01,0.000000000000000000e+00,0.000000000000000000e+00,1.799999999999999822e+00,0.000000000000000000e+00,0.000000000000000000e+00,5.000000000000000000e+00,6.599999999999999645e+00,0.000000000000000000e+00,0.000000000000000000e+00,0.000000000000000000e+00,0.000000000000000000e+00,0.000000000000000000e+00,0.000000000000000000e+00,0.000000000000000000e+00,0.000000000000000000e+00,0.000000000000000000e+00,0.000000000000000000e+00,0.000000000000000000e+00,0.000000000000000000e+00,0.000000000000000000e+00
0.000000000000000000e+00,0.000000000000000000e+00,0.000000000000000000e+00,2.000000000000000111e-01,0.000000000000000000e+00,0.000000000000000000e+00,0.000000000000000000e+00,0.000000000000000000e+00,0.000000000000000000e+00,0.000000000000000000e+00,0.000000000000000000e+00,0.000000000000000000e+00,0.000000000000000000e+00,0.000000000000000000e+00,2.799999999999999822e+00,1.600000000000000089e+00,0.000000000000000000e+00,3.000000000000000000e+00,0.000000000000000000e+00,1.600000000000000089e+00,0.000000000000000000e+00,1.600000000000000311e+00,0.000000000000000000e+00,1.399999999999999911e+00,2.200000000000000178e+00,8.000000000000000444e-01,1.399999999999999911e+00,0.000000000000000000e+00,1.600000000000000089e+00,7.000000000000000000e+00,0.000000000000000000e+00,0.000000000000000000e+00,4.599999999999999645e+00,0.000000000000000000e+00,0.000000000000000000e+00,0.000000000000000000e+00,0.000000000000000000e+00,0.000000000000000000e+00,0.000000000000000000e+00,0.000000000000000000e+00,0.000000000000000000e+00,0.000000000000000000e+00,2.000000000000000111e-01,1.600000000000000089e+00,2.000000000000000000e+00,0.000000000000000000e+00,0.000000000000000000e+00,0.000000000000000000e+00,0.000000000000000000e+00,0.000000000000000000e+00,0.000000000000000000e+00,0.000000000000000000e+00,0.000000000000000000e+00,0.000000000000000000e+00,0.000000000000000000e+00,0.000000000000000000e+00,0.000000000000000000e+00,0.000000000000000000e+00,0.000000000000000000e+00,0.000000000000000000e+00,0.000000000000000000e+00,0.000000000000000000e+00,0.000000000000000000e+00,0.000000000000000000e+00,0.000000000000000000e+00,0.000000000000000000e+00,0.000000000000000000e+00,0.000000000000000000e+00,0.000000000000000000e+00,0.000000000000000000e+00,0.000000000000000000e+00,0.000000000000000000e+00
0.000000000000000000e+00,1.399999999999999911e+00,0.000000000000000000e+00,0.000000000000000000e+00,0.000000000000000000e+00,0.000000000000000000e+00,0.000000000000000000e+00,4.060000000000000142e+01,0.000000000000000000e+00,4.060000000000000142e+01,0.000000000000000000e+00,0.000000000000000000e+00,0.000000000000000000e+00,0.000000000000000000e+00,0.000000000000000000e+00,1.280000000000000071e+01,0.000000000000000000e+00,2.000000000000000111e-01,3.279999999999999716e+01,1.280000000000000071e+01,0.000000000000000000e+00,5.999999999999999778e-01,0.000000000000000000e+00,5.999999999999999778e-01,2.000000000000000111e-01,0.000000000000000000e+00,0.000000000000000000e+00,0.000000000000000000e+00,0.000000000000000000e+00,0.000000000000000000e+00,4.000000000000000222e-01,0.000000000000000000e+00,0.000000000000000000e+00,0.000000000000000000e+00,1.980000000000000071e+01,0.000000000000000000e+00,0.000000000000000000e+00,1.000000000000000000e+01,8.000000000000000444e-01,0.000000000000000000e+00,0.000000000000000000e+00,0.000000000000000000e+00,5.999999999999999778e-01,1.159999999999999964e+01,0.000000000000000000e+00,0.000000000000000000e+00,1.000000000000000000e+01,0.000000000000000000e+00,0.000000000000000000e+00,0.000000000000000000e+00,0.000000000000000000e+00,0.000000000000000000e+00,8.000000000000000444e-01,0.000000000000000000e+00,2.399999999999999911e+00,0.000000000000000000e+00,0.000000000000000000e+00,0.000000000000000000e+00,0.000000000000000000e+00,1.399999999999999911e+00,0.000000000000000000e+00,0.000000000000000000e+00,0.000000000000000000e+00,0.000000000000000000e+00,0.000000000000000000e+00,0.000000000000000000e+00,4.000000000000000000e+01,0.000000000000000000e+00,1.200000000000000000e+01,1.000000000000000000e+00,8.000000000000000444e-01,0.000000000000000000e+00
0.000000000000000000e+00,1.579999999999999893e+01,0.000000000000000000e+00,0.000000000000000000e+00,0.000000000000000000e+00,0.000000000000000000e+00,0.000000000000000000e+00,3.799999999999999822e+00,0.000000000000000000e+00,3.799999999999999822e+00,0.000000000000000000e+00,0.000000000000000000e+00,2.400000000000000000e+01,0.000000000000000000e+00,0.000000000000000000e+00,2.200000000000000178e+00,1.380000000000000071e+01,0.000000000000000000e+00,2.000000000000000111e-01,2.200000000000000178e+00,0.000000000000000000e+00,2.000000000000000389e-01,9.800000000000000711e+00,0.000000000000000000e+00,2.399999999999999911e+00,0.000000000000000000e+00,0.000000000000000000e+00,0.000000000000000000e+00,0.000000000000000000e+00,0.000000000000000000e+00,0.000000000000000000e+00,9.800000000000000711e+00,0.000000000000000000e+00,2.000000000000000111e-01,5.999999999999999778e-01,0.000000000000000000e+00,0.000000000000000000e+00,5.599999999999999645e+00,5.679999999999999716e+01,0.000000000000000000e+00,3.399999999999999911e+00,0.000000000000000000e+00,2.600000000000000089e+00,4.200000000000000178e+00,0.000000000000000000e+00,0.000000000000000000e+00,5.600000000000000533e+00,0.000000000000000000e+00,2.000000000000000111e-01,0.000000000000000000e+00,0.000000000000000000e+00,0.000000000000000000e+00,9.199999999999999289e+00,0.000000000000000000e+00,0.000000000000000000e+00,0.000000000000000000e+00,0.000000000000000000e+00,0.000000000000000000e+00,0.000000000000000000e+00,0.000000000000000000e+00,0.000000000000000000e+00,0.000000000000000000e+00,0.000000000000000000e+00,0.000000000000000000e+00,0.000000000000000000e+00,2.000000000000000111e-01,2.000000000000000111e-01,0.000000000000000000e+00,2.000000000000000111e-01,0.000000000000000000e+00,9.199999999999999289e+00,0.000000000000000000e+00
0.000000000000000000e+00,0.000000000000000000e+00,1.819999999999999929e+01,0.000000000000000000e+00,0.000000000000000000e+00,0.000000000000000000e+00,0.000000000000000000e+00,5.999999999999999778e-01,0.000000000000000000e+00,5.999999999999999778e-01,0.000000000000000000e+00,0.000000000000000000e+00,2.000000000000000111e-01,0.000000000000000000e+00,0.000000000000000000e+00,2.000000000000000111e-01,0.000000000000000000e+00,0.000000000000000000e+00,2.000000000000000111e-01,2.000000000000000111e-01,4.000000000000000222e-01,0.000000000000000000e+00,0.000000000000000000e+00,0.000000000000000000e+00,0.000000000000000000e+00,0.000000000000000000e+00,0.000000000000000000e+00,4.000000000000000222e-01,0.000000000000000000e+00,0.000000000000000000e+00,0.000000000000000000e+00,0.000000000000000000e+00,0.000000000000000000e+00,0.000000000000000000e+00,0.000000000000000000e+00,0.000000000000000000e+00,0.000000000000000000e+00,0.000000000000000000e+00,4.400000000000000355e+00,0.000000000000000000e+00,0.000000000000000000e+00,0.000000000000000000e+00,2.200000000000000178e+00,2.000000000000000111e-01,0.000000000000000000e+00,0.000000000000000000e+00,0.000000000000000000e+00,0.000000000000000000e+00,0.000000000000000000e+00,0.000000000000000000e+00,0.000000000000000000e+00,0.000000000000000000e+00,1.000000000000000000e+01,0.000000000000000000e+00,0.000000000000000000e+00,0.000000000000000000e+00,0.000000000000000000e+00,4.799999999999999822e+00,2.000000000000000000e+00,0.000000000000000000e+00,0.000000000000000000e+00,0.000000000000000000e+00,0.000000000000000000e+00,0.000000000000000000e+00,0.000000000000000000e+00,5.999999999999999778e-01,1.700000000000000000e+01,2.000000000000000111e-01,0.000000000000000000e+00,0.000000000000000000e+00,1.000000000000000000e+01,0.000000000000000000e+00
0.000000000000000000e+00,0.000000000000000000e+00,1.800000000000000044e+00,2.400000000000000000e+01,0.000000000000000000e+00,0.000000000000000000e+00,0.000000000000000000e+00,2.000000000000000111e-01,3.000000000000000000e+00,2.000000000000000111e-01,3.000000000000000000e+00,0.000000000000000000e+00,0.000000000000000000e+00,0.000000000000000000e+00,0.000000000000000000e+00,0.000000000000000000e+00,0.000000000000000000e+00,0.000000000000000000e+00,5.599999999999999645e+00,0.000000000000000000e+00,5.000000000000000000e+00,0.000000000000000000e+00,2.399999999999999911e+00,0.000000000000000000e+00,0.000000000000000000e+00,0.000000000000000000e+00,0.000000000000000000e+00,5.000000000000000000e+00,0.000000000000000000e+00,0.000000000000000000e+00,0.000000000000000000e+00,2.399999999999999911e+00,0.000000000000000000e+00,0.000000000000000000e+00,0.000000000000000000e+00,0.000000000000000000e+00,0.000000000000000000e+00,0.000000000000000000e+00,1.380000000000000071e+01,0.000000000000000000e+00,0.000000000000000000e+00,0.000000000000000000e+00,0.000000000000000000e+00,0.000000000000000000e+00,0.000000000000000000e+00,0.000000000000000000e+00,0.000000000000000000e+00,0.000000000000000000e+00,0.000000000000000000e+00,0.000000000000000000e+00,4.000000000000000222e-01,3.600000000000000089e+00,1.399999999999999911e+00,3.320000000000000284e+01,0.000000000000000000e+00,0.000000000000000000e+00,0.000000000000000000e+00,2.500000000000000000e+01,2.000000000000000111e-01,1.600000000000000311e+00,0.000000000000000000e+00,0.000000000000000000e+00,0.000000000000000000e+00,0.000000000000000000e+00,0.000000000000000000e+00,1.000000000000000000e+00,1.459999999999999964e+01,1.199999999999999956e+00,2.000000000000000111e-01,0.000000000000000000e+00,1.399999999999999911e+00,0.000000000000000000e+00
5.999999999999999778e-01,0.000000000000000000e+00,0.000000000000000000e+00,0.000000000000000000e+00,0.000000000000000000e+00,0.000000000000000000e+00,0.000000000000000000e+00,5.999999999999999778e-01,0.000000000000000000e+00,5.999999999999999778e-01,0.000000000000000000e+00,0.000000000000000000e+00,8.000000000000000444e-01,0.000000000000000000e+00,0.000000000000000000e+00,0.000000000000000000e+00,0.000000000000000000e+00,0.000000000000000000e+00,8.000000000000000444e-01,0.000000000000000000e+00,0.000000000000000000e+00,0.000000000000000000e+00,0.000000000000000000e+00,0.000000000000000000e+00,0.000000000000000000e+00,0.000000000000000000e+00,0.000000000000000000e+00,0.000000000000000000e+00,1.199999999999999956e+00,0.000000000000000000e+00,1.399999999999999911e+00,0.000000000000000000e+00,0.000000000000000000e+00,1.399999999999999911e+00,6.200000000000000178e+00,0.000000000000000000e+00,0.000000000000000000e+00,0.000000000000000000e+00,0.000000000000000000e+00,8.000000000000000444e-01,2.000000000000000111e-01,0.000000000000000000e+00,5.999999999999999778e-01,2.200000000000000178e+00,0.000000000000000000e+00,0.000000000000000000e+00,0.000000000000000000e+00,0.000000000000000000e+00,8.000000000000000444e-01,0.000000000000000000e+00,0.000000000000000000e+00,0.000000000000000000e+00,0.000000000000000000e+00,0.000000000000000000e+00,0.000000000000000000e+00,0.000000000000000000e+00,0.000000000000000000e+00,0.000000000000000000e+00,0.000000000000000000e+00,4.000000000000000777e-01,0.000000000000000000e+00,0.000000000000000000e+00,8.000000000000000444e-01,0.000000000000000000e+00,0.000000000000000000e+00,0.000000000000000000e+00,0.000000000000000000e+00,0.000000000000000000e+00,0.000000000000000000e+00,0.000000000000000000e+00,0.000000000000000000e+00,0.000000000000000000e+00
4.000000000000000222e-01,0.000000000000000000e+00,0.000000000000000000e+00,2.000000000000000111e-01,8.000000000000000444e-01,0.000000000000000000e+00,0.000000000000000000e+00,5.999999999999999778e-01,0.000000000000000000e+00,5.999999999999999778e-01,0.000000000000000000e+00,0.000000000000000000e+00,3.920000000000000284e+01,0.000000000000000000e+00,0.000000000000000000e+00,1.000000000000000000e+00,0.000000000000000000e+00,0.000000000000000000e+00,1.000000000000000000e+00,1.000000000000000000e+00,0.000000000000000000e+00,8.000000000000001554e-01,0.000000000000000000e+00,0.000000000000000000e+00,2.000000000000000111e-01,0.000000000000000000e+00,0.000000000000000000e+00,0.000000000000000000e+00,1.199999999999999956e+00,0.000000000000000000e+00,5.999999999999999778e-01,0.000000000000000000e+00,5.999999999999999778e-01,1.600000000000000089e+00,1.000000000000000000e+00,0.000000000000000000e+00,0.000000000000000000e+00,0.000000000000000000e+00,0.000000000000000000e+00,0.000000000000000000e+00,0.000000000000000000e+00,0.000000000000000000e+00,1.600000000000000089e+00,3.000000000000000000e+00,5.799999999999999822e+00,0.000000000000000000e+00,0.000000000000000000e+00,5.000000000000000000e+00,4.000000000000000222e-01,0.000000000000000000e+00,0.000000000000000000e+00,5.999999999999999778e-01,0.000000000000000000e+00,0.000000000000000000e+00,2.000000000000000389e-01,0.000000000000000000e+00,2.000000000000000111e-01,0.000000000000000000e+00,0.000000000000000000e+00,0.000000000000000000e+00,0.000000000000000000e+00,1.000000000000000000e+00,1.199999999999999956e+00,0.000000000000000000e+00,0.000000000000000000e+00,4.000000000000000222e-01,4.000000000000000222e-01,0.000000000000000000e+00,4.000000000000000222e-01,3.600000000000000089e+00,0.000000000000000000e+00,0.000000000000000000e+00
0.000000000000000000e+00,0.000000000000000000e+00,0.000000000000000000e+00,0.000000000000000000e+00,0.000000000000000000e+00,0.000000000000000000e+00,0.000000000000000000e+00,1.000000000000000000e+00,0.000000000000000000e+00,1.000000000000000000e+00,0.000000000000000000e+00,0.000000000000000000e+00,0.000000000000000000e+00,0.000000000000000000e+00,0.000000000000000000e+00,8.000000000000000444e-01,0.000000000000000000e+00,0.000000000000000000e+00,8.000000000000000444e-01,8.000000000000000444e-01,0.000000000000000000e+00,1.000000000000000000e+00,0.000000000000000000e+00,2.000000000000000111e-01,4.000000000000000222e-01,0.000000000000000000e+00,0.000000000000000000e+00,0.000000000000000000e+00,0.000000000000000000e+00,2.000000000000000111e-01,0.000000000000000000e+00,0.000000000000000000e+00,8.000000000000000444e-01,2.000000000000000111e-01,2.000000000000000111e-01,0.000000000000000000e+00,0.000000000000000000e+00,0.000000000000000000e+00,0.000000000000000000e+00,0.000000000000000000e+00,0.000000000000000000e+00,0.000000000000000000e+00,0.000000000000000000e+00,2.000000000000000000e+00,2.000000000000000111e-01,0.000000000000000000e+00,0.000000000000000000e+00,0.000000000000000000e+00,0.000000000000000000e+00,0.000000000000000000e+00,5.999999999999999778e-01,3.200000000000000178e+00,0.000000000000000000e+00,2.000000000000000111e-01,0.000000000000000000e+00,0.000000000000000000e+00,0.000000000000000000e+00,0.000000000000000000e+00,0.000000000000000000e+00,0.000000000000000000e+00,0.000000000000000000e+00,0.000000000000000000e+00,0.000000000000000000e+00,0.000000000000000000e+00,0.000000000000000000e+00,0.000000000000000000e+00,0.000000000000000000e+00,0.000000000000000000e+00,0.000000000000000000e+00,0.000000000000000000e+00,0.000000000000000000e+00,0.000000000000000000e+00
0.000000000000000000e+00,0.000000000000000000e+00,0.000000000000000000e+00,0.000000000000000000e+00,0.000000000000000000e+00,0.000000000000000000e+00,0.000000000000000000e+00,0.000000000000000000e+00,0.000000000000000000e+00,0.000000000000000000e+00,0.000000000000000000e+00,0.000000000000000000e+00,0.000000000000000000e+00,0.000000000000000000e+00,0.000000000000000000e+00,2.600000000000000089e+00,0.000000000000000000e+00,2.000000000000000111e-01,0.000000000000000000e+00,2.600000000000000089e+00,0.000000000000000000e+00,9.199999999999999289e+00,0.000000000000000000e+00,2.200000000000000178e+00,2.200000000000000178e+00,2.000000000000000000e+00,1.600000000000000089e+00,0.000000000000000000e+00,0.000000000000000000e+00,7.000000000000000000e+00,0.000000000000000000e+00,0.000000000000000000e+00,1.399999999999999911e+00,1.600000000000000089e+00,0.000000000000000000e+00,0.000000000000000000e+00,0.000000000000000000e+00,0.000000000000000000e+00,0.000000000000000000e+00,0.000000000000000000e+00,0.000000000000000000e+00,0.000000000000000000e+00,0.000000000000000000e+00,6.000000000000000000e+00,8.800000000000000711e+00,0.000000000000000000e+00,0.000000000000000000e+00,7.799999999999999822e+00,0.000000000000000000e+00,0.000000000000000000e+00,0.000000000000000000e+00,0.000000000000000000e+00,0.000000000000000000e+00,0.000000000000000000e+00,1.000000000000000000e+00,0.000000000000000000e+00,0.000000000000000000e+00,0.000000000000000000e+00,0.000000000000000000e+00,0.000000000000000000e+00,0.000000000000000000e+00,0.000000000000000000e+00,0.000000000000000000e+00,0.000000000000000000e+00,0.000000000000000000e+00,0.000000000000000000e+00,0.000000000000000000e+00,0.000000000000000000e+00,0.000000000000000000e+00,0.000000000000000000e+00,0.000000000000000000e+00,0.000000000000000000e+00
3.000000000000000000e+00,1.199999999999999956e+00,0.000000000000000000e+00,1.800000000000000044e+00,2.000000000000000111e-01,0.000000000000000000e+00,0.000000000000000000e+00,4.000000000000000222e-01,0.000000000000000000e+00,4.000000000000000222e-01,0.000000000000000000e+00,0.000000000000000000e+00,0.000000000000000000e+00,0.000000000000000000e+00,0.000000000000000000e+00,1.939999999999999858e+01,0.000000000000000000e+00,5.799999999999999822e+00,2.000000000000000111e-01,1.939999999999999858e+01,9.000000000000000000e+00,1.240000000000000036e+01,4.200000000000000178e+00,6.799999999999999822e+00,6.200000000000000178e+00,7.200000000000000178e+00,9.599999999999999645e+00,9.000000000000000000e+00,0.000000000000000000e+00,8.800000000000000711e+00,1.000000000000000000e+00,4.200000000000000178e+00,1.040000000000000036e+01,7.400000000000000355e+00,0.000000000000000000e+00,0.000000000000000000e+00,0.000000000000000000e+00,0.000000000000000000e+00,4.000000000000000222e-01,0.000000000000000000e+00,5.000000000000000000e+00,0.000000000000000000e+00,1.000000000000000000e+00,4.919999999999999574e+01,7.200000000000000178e+00,0.000000000000000000e+00,0.000000000000000000e+00,1.019999999999999929e+01,0.000000000000000000e+00,0.000000000000000000e+00,7.599999999999997868e+00,3.439999999999999858e+01,0.000000000000000000e+00,0.000000000000000000e+00,3.399999999999999911e+00,0.000000000000000000e+00,1.000000000000000000e+00,5.999999999999999778e-01,1.399999999999999911e+00,2.000000000000000389e-01,0.000000000000000000e+00,2.600000000000000089e+00,4.000000000000000000e+00,0.000000000000000000e+00,0.000000000000000000e+00,0.000000000000000000e+00,5.999999999999999778e-01,0.000000000000000000e+00,2.000000000000000000e+00,8.599999999999997868e+00,0.000000000000000000e+00,1.399999999999999911e+00
6.400000000000000355e+00,7.000000000000000000e+00,0.000000000000000000e+00,1.600000000000000089e+00,2.000000000000000111e-01,0.000000000000000000e+00,0.000000000000000000e+00,7.599999999999998757e+00,8.800000000000000711e+00,7.599999999999998757e+00,8.800000000000000711e+00,0.000000000000000000e+00,2.000000000000000111e-01,0.000000000000000000e+00,2.000000000000000111e-01,3.339999999999999858e+01,7.000000000000000000e+00,0.000000000000000000e+00,4.799999999999999822e+00,3.339999999999999858e+01,3.400000000000000355e+00,2.799999999999999822e+00,1.140000000000000036e+01,2.000000000000000111e-01,0.000000000000000000e+00,0.000000000000000000e+00,0.000000000000000000e+00,3.399999999999999911e+00,0.000000000000000000e+00,0.000000000000000000e+00,1.600000000000000089e+00,1.140000000000000036e+01,0.000000000000000000e+00,8.000000000000000444e-01,0.000000000000000000e+00,0.000000000000000000e+00,0.000000000000000000e+00,1.760000000000000142e+01,2.960000000000000142e+01,4.599999999999999645e+00,2.000000000000000111e-01,0.000000000000000000e+00,2.799999999999999822e+00,4.919999999999999574e+01,0.000000000000000000e+00,0.000000000000000000e+00,1.760000000000000142e+01,2.000000000000000111e-01,0.000000000000000000e+00,0.000000000000000000e+00,5.799999999999999822e+00,3.000000000000000000e+00,0.000000000000000000e+00,0.000000000000000000e+00,2.799999999999999822e+00,0.000000000000000000e+00,0.000000000000000000e+00,1.440000000000000036e+01,0.000000000000000000e+00,0.000000000000000000e+00,0.000000000000000000e+00,0.000000000000000000e+00,0.000000000000000000e+00,0.000000000000000000e+00,0.000000000000000000e+00,0.000000000000000000e+00,0.000000000000000000e+00,0.000000000000000000e+00,0.000000000000000000e+00,5.999999999999999778e-01,0.000000000000000000e+00,5.999999999999999778e-01
4.200000000000000178e+00,7.999999999999999334e-01,0.000000000000000000e+00,2.000000000000000111e-01,2.000000000000000111e-01,0.000000000000000000e+00,0.000000000000000000e+00,2.000000000000000111e-01,8.000000000000000444e-01,2.000000000000000111e-01,8.000000000000000444e-01,0.000000000000000000e+00,0.000000000000000000e+00,0.000000000000000000e+00,0.000000000000000000e+00,1.259999999999999964e+01,2.000000000000000111e-01,4.000000000000000222e-01,5.999999999999999778e-01,1.259999999999999964e+01,5.999999999999999778e-01,4.799999999999999822e+00,5.999999999999999778e-01,2.000000000000000111e-01,5.999999999999999778e-01,2.000000000000000000e+00,3.000000000000000000e+00,5.999999999999999778e-01,0.000000000000000000e+00,2.600000000000000089e+00,0.000000000000000000e+00,5.999999999999999778e-01,8.000000000000000444e-01,2.000000000000000000e+00,0.000000000000000000e+00,0.000000000000000000e+00,0.000000000000000000e+00,0.000000000000000000e+00,2.000000000000000111e-01,1.000000000000000000e+00,2.000000000000000111e-01,0.000000000000000000e+00,0.000000000000000000e+00,2.239999999999999858e+01,1.800000000000000044e+00,0.000000000000000000e+00,0.000000000000000000e+00,2.000000000000000111e-01,0.000000000000000000e+00,0.000000000000000000e+00,0.000000000000000000e+00,2.600000000000000089e+00,0.000000000000000000e+00,0.000000000000000000e+00,8.199999999999997513e+00,0.000000000000000000e+00,0.000000000000000000e+00,5.999999999999999778e-01,4.000000000000000222e-01,0.000000000000000000e+00,0.000000000000000000e+00,6.799999999999999822e+00,0.000000000000000000e+00,0.000000000000000000e+00,0.000000000000000000e+00,0.000000000000000000e+00,0.000000000000000000e+00,0.000000000000000000e+00,0.000000000000000000e+00,2.000000000000000111e-01,0.000000000000000000e+00,0.000000000000000000e+00
4.000000000000000222e-01,1.999999999999999833e-01,0.000000000000000000e+00,5.999999999999999778e-01,2.000000000000000111e-01,0.000000000000000000e+00,0.000000000000000000e+00,0.000000000000000000e+00,0.000000000000000000e+00,0.000000000000000000e+00,0.000000000000000000e+00,0.000000000000000000e+00,0.000000000000000000e+00,0.000000000000000000e+00,0.000000000000000000e+00,7.599999999999998757e+00,2.000000000000000111e-01,4.000000000000000222e-01,0.000000000000000000e+00,7.599999999999998757e+00,6.400000000000000355e+00,1.799999999999999822e+00,0.000000000000000000e+00,2.000000000000000111e-01,2.000000000000000111e-01,2.799999999999999822e+00,4.200000000000000178e+00,6.400000000000000355e+00,0.000000000000000000e+00,8.000000000000000444e-01,0.000000000000000000e+00,0.000000000000000000e+00,1.000000000000000000e+00,0.000000000000000000e+00,0.000000000000000000e+00,0.000000000000000000e+00,0.000000000000000000e+00,0.000000000000000000e+00,0.000000000000000000e+00,0.000000000000000000e+00,0.000000000000000000e+00,0.000000000000000000e+00,0.000000000000000000e+00,1.800000000000000000e+01,1.600000000000000089e+00,0.000000000000000000e+00,0.000000000000000000e+00,1.000000000000000000e+00,0.000000000000000000e+00,0.000000000000000000e+00,3.000000000000000000e+00,1.100000000000000000e+01,0.000000000000000000e+00,0.000000000000000000e+00,0.000000000000000000e+00,0.000000000000000000e+00,0.000000000000000000e+00,0.000000000000000000e+00,5.999999999999999778e-01,0.000000000000000000e+00,0.000000000000000000e+00,4.599999999999999645e+00,0.000000000000000000e+00,0.000000000000000000e+00,0.000000000000000000e+00,0.000000000000000000e+00,0.000000000000000000e+00,0.000000000000000000e+00,0.000000000000000000e+00,0.000000000000000000e+00,0.000000000000000000e+00,3.999999999999999667e-01
0.000000000000000000e+00,1.000000000000000000e+00,0.000000000000000000e+00,4.000000000000000222e-01,0.000000000000000000e+00,0.000000000000000000e+00,0.000000000000000000e+00,8.000000000000000444e-01,0.000000000000000000e+00,8.000000000000000444e-01,0.000000000000000000e+00,0.000000000000000000e+00,0.000000000000000000e+00,0.000000000000000000e+00,0.000000000000000000e+00,5.999999999999999778e-01,0.000000000000000000e+00,0.000000000000000000e+00,2.000000000000000111e-01,5.999999999999999778e-01,1.199999999999999956e+00,2.000000000000000389e-01,0.000000000000000000e+00,0.000000000000000000e+00,2.000000000000000111e-01,0.000000000000000000e+00,2.000000000000000111e-01,1.199999999999999956e+00,0.000000000000000000e+00,0.000000000000000000e+00,0.000000000000000000e+00,0.000000000000000000e+00,0.000000000000000000e+00,0.000000000000000000e+00,0.000000000000000000e+00,0.000000000000000000e+00,0.000000000000000000e+00,0.000000000000000000e+00,2.000000000000000111e-01,0.000000000000000000e+00,0.000000000000000000e+00,0.000000000000000000e+00,0.000000000000000000e+00,1.000000000000000000e+00,0.000000000000000000e+00,0.000000000000000000e+00,0.000000000000000000e+00,0.000000000000000000e+00,0.000000000000000000e+00,0.000000000000000000e+00,3.200000000000000178e+00,2.000000000000000000e+00,0.000000000000000000e+00,0.000000000000000000e+00,0.000000000000000000e+00,0.000000000000000000e+00,0.000000000000000000e+00,2.799999999999999822e+00,4.000000000000000222e-01,0.000000000000000000e+00,0.000000000000000000e+00,0.000000000000000000e+00,4.000000000000000222e-01,0.000000000000000000e+00,0.000000000000000000e+00,0.000000000000000000e+00,0.000000000000000000e+00,0.000000000000000000e+00,2.000000000000000111e-01,0.000000000000000000e+00,0.000000000000000000e+00,0.000000000000000000e+00
0.000000000000000000e+00,0.000000000000000000e+00,0.000000000000000000e+00,0.000000000000000000e+00,0.000000000000000000e+00,0.000000000000000000e+00,0.000000000000000000e+00,0.000000000000000000e+00,0.000000000000000000e+00,0.000000000000000000e+00,0.000000000000000000e+00,0.000000000000000000e+00,0.000000000000000000e+00,0.000000000000000000e+00,0.000000000000000000e+00,0.000000000000000000e+00,0.000000000000000000e+00,0.000000000000000000e+00,0.000000000000000000e+00,0.000000000000000000e+00,0.000000000000000000e+00,0.000000000000000000e+00,0.000000000000000000e+00,0.000000000000000000e+00,0.000000000000000000e+00,0.000000000000000000e+00,0.000000000000000000e+00,0.000000000000000000e+00,0.000000000000000000e+00,0.000000000000000000e+00,0.000000000000000000e+00,0.000000000000000000e+00,0.000000000000000000e+00,0.000000000000000000e+00,0.000000000000000000e+00,0.000000000000000000e+00,0.000000000000000000e+00,0.000000000000000000e+00,0.000000000000000000e+00,0.000000000000000000e+00,0.000000000000000000e+00,0.000000000000000000e+00,0.000000000000000000e+00,0.000000000000000000e+00,0.000000000000000000e+00,0.000000000000000000e+00,0.000000000000000000e+00,0.000000000000000000e+00,0.000000000000000000e+00,0.000000000000000000e+00,0.000000000000000000e+00,0.000000000000000000e+00,0.000000000000000000e+00,0.000000000000000000e+00,0.000000000000000000e+00,0.000000000000000000e+00,0.000000000000000000e+00,0.000000000000000000e+00,0.000000000000000000e+00,0.000000000000000000e+00,0.000000000000000000e+00,0.000000000000000000e+00,0.000000000000000000e+00,0.000000000000000000e+00,0.000000000000000000e+00,0.000000000000000000e+00,0.000000000000000000e+00,0.000000000000000000e+00,0.000000000000000000e+00,0.000000000000000000e+00,0.000000000000000000e+00,0.000000000000000000e+00
0.000000000000000000e+00,3.999999999999999667e-01,0.000000000000000000e+00,0.000000000000000000e+00,0.000000000000000000e+00,0.000000000000000000e+00,0.000000000000000000e+00,0.000000000000000000e+00,0.000000000000000000e+00,0.000000000000000000e+00,0.000000000000000000e+00,0.000000000000000000e+00,0.000000000000000000e+00,0.000000000000000000e+00,0.000000000000000000e+00,0.000000000000000000e+00,0.000000000000000000e+00,0.000000000000000000e+00,1.000000000000000000e+00,0.000000000000000000e+00,0.000000000000000000e+00,0.000000000000000000e+00,2.000000000000000111e-01,0.000000000000000000e+00,0.000000000000000000e+00,0.000000000000000000e+00,0.000000000000000000e+00,0.000000000000000000e+00,0.000000000000000000e+00,0.000000000000000000e+00,9.599999999999999645e+00,2.000000000000000111e-01,0.000000000000000000e+00,1.500000000000000000e+01,0.000000000000000000e+00,0.000000000000000000e+00,0.000000000000000000e+00,0.000000000000000000e+00,0.000000000000000000e+00,0.000000000000000000e+00,8.000000000000000444e-01,0.000000000000000000e+00,6.799999999999999822e+00,0.000000000000000000e+00,0.000000000000000000e+00,0.000000000000000000e+00,0.000000000000000000e+00,0.000000000000000000e+00,0.000000000000000000e+00,0.000000000000000000e+00,0.000000000000000000e+00,0.000000000000000000e+00,0.000000000000000000e+00,4.000000000000000222e-01,0.000000000000000000e+00,0.000000000000000000e+00,3.799999999999999822e+00,0.000000000000000000e+00,0.000000000000000000e+00,0.000000000000000000e+00,0.000000000000000000e+00,0.000000000000000000e+00,2.600000000000000089e+00,0.000000000000000000e+00,0.000000000000000000e+00,0.000000000000000000e+00,3.100000000000000000e+01,0.000000000000000000e+00,3.920000000000000284e+01,1.559999999999999964e+01,0.000000000000000000e+00,8.199999999999997513e+00
5.200000000000000178e+00,0.000000000000000000e+00,0.000000000000000000e+00,0.000000000000000000e+00,0.000000000000000000e+00,0.000000000000000000e+00,0.000000000000000000e+00,0.000000000000000000e+00,0.000000000000000000e+00,0.000000000000000000e+00,0.000000000000000000e+00,0.000000000000000000e+00,0.000000000000000000e+00,0.000000000000000000e+00,1.800000000000000044e+00,0.000000000000000000e+00,5.999999999999999778e-01,0.000000000000000000e+00,0.000000000000000000e+00,0.000000000000000000e+00,0.000000000000000000e+00,0.000000000000000000e+00,0.000000000000000000e+00,0.000000000000000000e+00,0.000000000000000000e+00,0.000000000000000000e+00,0.000000000000000000e+00,0.000000000000000000e+00,0.000000000000000000e+00,0.000000000000000000e+00,5.360000000000000142e+01,0.000000000000000000e+00,0.000000000000000000e+00,4.800000000000000000e+01,2.000000000000000111e-01,0.000000000000000000e+00,0.000000000000000000e+00,1.199999999999999956e+00,0.000000000000000000e+00,1.399999999999999911e+00,1.199999999999999956e+00,0.000000000000000000e+00,7.599999999999998757e+00,0.000000000000000000e+00,0.000000000000000000e+00,0.000000000000000000e+00,1.199999999999999956e+00,0.000000000000000000e+00,0.000000000000000000e+00,0.000000000000000000e+00,0.000000000000000000e+00,0.000000000000000000e+00,0.000000000000000000e+00,0.000000000000000000e+00,0.000000000000000000e+00,0.000000000000000000e+00,0.000000000000000000e+00,0.000000000000000000e+00,0.000000000000000000e+00,2.600000000000000533e+00,0.000000000000000000e+00,0.000000000000000000e+00,4.079999999999999716e+01,0.000000000000000000e+00,0.000000000000000000e+00,0.000000000000000000e+00,4.000000000000000222e-01,0.000000000000000000e+00,2.300000000000000355e+01,1.559999999999999964e+01,0.000000000000000000e+00,3.000000000000000000e+00
2.000000000000000111e-01,0.000000000000000000e+00,0.000000000000000000e+00,0.000000000000000000e+00,1.040000000000000036e+01,0.000000000000000000e+00,0.000000000000000000e+00,0.000000000000000000e+00,0.000000000000000000e+00,0.000000000000000000e+00,0.000000000000000000e+00,0.000000000000000000e+00,0.000000000000000000e+00,0.000000000000000000e+00,0.000000000000000000e+00,7.000000000000000000e+00,0.000000000000000000e+00,0.000000000000000000e+00,0.000000000000000000e+00,7.000000000000000888e+00,0.000000000000000000e+00,0.000000000000000000e+00,0.000000000000000000e+00,0.000000000000000000e+00,0.000000000000000000e+00,0.000000000000000000e+00,0.000000000000000000e+00,0.000000000000000000e+00,0.000000000000000000e+00,0.000000000000000000e+00,2.000000000000000111e-01,0.000000000000000000e+00,0.000000000000000000e+00,7.599999999999998757e+00,1.600000000000000089e+00,0.000000000000000000e+00,0.000000000000000000e+00,0.000000000000000000e+00,3.599999999999999645e+00,0.000000000000000000e+00,0.000000000000000000e+00,0.000000000000000000e+00,2.700000000000000000e+01,1.660000000000000142e+01,0.000000000000000000e+00,0.000000000000000000e+00,0.000000000000000000e+00,4.000000000000000222e-01,0.000000000000000000e+00,0.000000000000000000e+00,0.000000000000000000e+00,0.000000000000000000e+00,0.000000000000000000e+00,2.119999999999999929e+01,0.000000000000000000e+00,0.000000000000000000e+00,0.000000000000000000e+00,0.000000000000000000e+00,0.000000000000000000e+00,6.799999999999999822e+00,0.000000000000000000e+00,0.000000000000000000e+00,0.000000000000000000e+00,0.000000000000000000e+00,0.000000000000000000e+00,0.000000000000000000e+00,2.000000000000000111e-01,0.000000000000000000e+00,0.000000000000000000e+00,2.000000000000000111e-01,0.000000000000000000e+00,1.999999999999999833e-01
4.000000000000000222e-01,0.000000000000000000e+00,0.000000000000000000e+00,0.000000000000000000e+00,0.000000000000000000e+00,0.000000000000000000e+00,0.000000000000000000e+00,2.000000000000000111e-01,0.000000000000000000e+00,2.000000000000000111e-01,0.000000000000000000e+00,0.000000000000000000e+00,0.000000000000000000e+00,0.000000000000000000e+00,0.000000000000000000e+00,0.000000000000000000e+00,0.000000000000000000e+00,0.000000000000000000e+00,1.619999999999999929e+01,0.000000000000000000e+00,0.000000000000000000e+00,0.000000000000000000e+00,0.000000000000000000e+00,0.000000000000000000e+00,0.000000000000000000e+00,0.000000000000000000e+00,0.000000000000000000e+00,0.000000000000000000e+00,0.000000000000000000e+00,0.000000000000000000e+00,0.000000000000000000e+00,0.000000000000000000e+00,0.000000000000000000e+00,5.999999999999999778e-01,0.000000000000000000e+00,0.000000000000000000e+00,0.000000000000000000e+00,0.000000000000000000e+00,7.000000000000000000e+00,0.000000000000000000e+00,0.000000000000000000e+00,0.000000000000000000e+00,9.000000000000000000e+00,0.000000000000000000e+00,0.000000000000000000e+00,0.000000000000000000e+00,0.000000000000000000e+00,0.000000000000000000e+00,0.000000000000000000e+00,0.000000000000000000e+00,0.000000000000000000e+00,0.000000000000000000e+00,0.000000000000000000e+00,3.000000000000000000e+00,0.000000000000000000e+00,0.000000000000000000e+00,0.000000000000000000e+00,0.000000000000000000e+00,0.000000000000000000e+00,0.000000000000000000e+00,0.000000000000000000e+00,0.000000000000000000e+00,2.000000000000000111e-01,0.000000000000000000e+00,0.000000000000000000e+00,0.000000000000000000e+00,2.200000000000000178e+00,1.000000000000000000e+00,2.399999999999999911e+00,0.000000000000000000e+00,0.000000000000000000e+00,3.400000000000000355e+00
0.000000000000000000e+00,0.000000000000000000e+00,0.000000000000000000e+00,0.000000000000000000e+00,0.000000000000000000e+00,0.000000000000000000e+00,0.000000000000000000e+00,0.000000000000000000e+00,0.000000000000000000e+00,0.000000000000000000e+00,0.000000000000000000e+00,0.000000000000000000e+00,0.000000000000000000e+00,0.000000000000000000e+00,0.000000000000000000e+00,0.000000000000000000e+00,0.000000000000000000e+00,0.000000000000000000e+00,0.000000000000000000e+00,0.000000000000000000e+00,0.000000000000000000e+00,0.000000000000000000e+00,0.000000000000000000e+00,0.000000000000000000e+00,0.000000000000000000e+00,0.000000000000000000e+00,0.000000000000000000e+00,0.000000000000000000e+00,0.000000000000000000e+00,0.000000000000000000e+00,6.000000000000000000e+00,0.000000000000000000e+00,0.000000000000000000e+00,0.000000000000000000e+00,0.000000000000000000e+00,0.000000000000000000e+00,0.000000000000000000e+00,0.000000000000000000e+00,2.000000000000000111e-01,0.000000000000000000e+00,0.000000000000000000e+00,0.000000000000000000e+00,0.000000000000000000e+00,0.000000000000000000e+00,0.000000000000000000e+00,0.000000000000000000e+00,0.000000000000000000e+00,0.000000000000000000e+00,0.000000000000000000e+00,0.000000000000000000e+00,0.000000000000000000e+00,0.000000000000000000e+00,0.000000000000000000e+00,5.799999999999999822e+00,0.000000000000000000e+00,0.000000000000000000e+00,0.000000000000000000e+00,0.000000000000000000e+00,0.000000000000000000e+00,0.000000000000000000e+00,0.000000000000000000e+00,0.000000000000000000e+00,1.799999999999999822e+00,0.000000000000000000e+00,0.000000000000000000e+00,0.000000000000000000e+00,2.680000000000000071e+01,0.000000000000000000e+00,4.599999999999999645e+00,8.599999999999997868e+00,0.000000000000000000e+00,0.000000000000000000e+00
0.000000000000000000e+00,0.000000000000000000e+00,0.000000000000000000e+00,0.000000000000000000e+00,0.000000000000000000e+00,0.000000000000000000e+00,0.000000000000000000e+00,0.000000000000000000e+00,0.000000000000000000e+00,0.000000000000000000e+00,0.000000000000000000e+00,0.000000000000000000e+00,0.000000000000000000e+00,0.000000000000000000e+00,0.000000000000000000e+00,0.000000000000000000e+00,0.000000000000000000e+00,0.000000000000000000e+00,0.000000000000000000e+00,0.000000000000000000e+00,4.000000000000000222e-01,0.000000000000000000e+00,0.000000000000000000e+00,0.000000000000000000e+00,0.000000000000000000e+00,0.000000000000000000e+00,0.000000000000000000e+00,4.000000000000000222e-01,0.000000000000000000e+00,0.000000000000000000e+00,1.480000000000000071e+01,0.000000000000000000e+00,0.000000000000000000e+00,0.000000000000000000e+00,0.000000000000000000e+00,0.000000000000000000e+00,0.000000000000000000e+00,0.000000000000000000e+00,0.000000000000000000e+00,0.000000000000000000e+00,0.000000000000000000e+00,0.000000000000000000e+00,0.000000000000000000e+00,0.000000000000000000e+00,0.000000000000000000e+00,0.000000000000000000e+00,0.000000000000000000e+00,0.000000000000000000e+00,0.000000000000000000e+00,0.000000000000000000e+00,0.000000000000000000e+00,3.200000000000000178e+00,0.000000000000000000e+00,0.000000000000000000e+00,0.000000000000000000e+00,0.000000000000000000e+00,0.000000000000000000e+00,0.000000000000000000e+00,0.000000000000000000e+00,0.000000000000000000e+00,0.000000000000000000e+00,0.000000000000000000e+00,0.000000000000000000e+00,0.000000000000000000e+00,0.000000000000000000e+00,0.000000000000000000e+00,2.000000000000000111e-01,0.000000000000000000e+00,0.000000000000000000e+00,2.000000000000000111e-01,0.000000000000000000e+00,0.000000000000000000e+00
1.719999999999999929e+01,0.000000000000000000e+00,0.000000000000000000e+00,1.219999999999999929e+01,0.000000000000000000e+00,0.000000000000000000e+00,0.000000000000000000e+00,0.000000000000000000e+00,0.000000000000000000e+00,0.000000000000000000e+00,0.000000000000000000e+00,0.000000000000000000e+00,0.000000000000000000e+00,0.000000000000000000e+00,0.000000000000000000e+00,1.380000000000000071e+01,0.000000000000000000e+00,0.000000000000000000e+00,0.000000000000000000e+00,1.380000000000000249e+01,0.000000000000000000e+00,1.619999999999999929e+01,0.000000000000000000e+00,0.000000000000000000e+00,0.000000000000000000e+00,2.200000000000000178e+00,1.399999999999999911e+00,0.000000000000000000e+00,0.000000000000000000e+00,4.799999999999999822e+00,2.400000000000000000e+01,0.000000000000000000e+00,0.000000000000000000e+00,3.600000000000000000e+01,0.000000000000000000e+00,0.000000000000000000e+00,0.000000000000000000e+00,0.000000000000000000e+00,0.000000000000000000e+00,0.000000000000000000e+00,0.000000000000000000e+00,0.000000000000000000e+00,0.000000000000000000e+00,3.200000000000000000e+01,2.000000000000000111e-01,0.000000000000000000e+00,0.000000000000000000e+00,1.199999999999999956e+00,0.000000000000000000e+00,0.000000000000000000e+00,7.599999999999997868e+00,6.300000000000000000e+01,0.000000000000000000e+00,0.000000000000000000e+00,0.000000000000000000e+00,0.000000000000000000e+00,0.000000000000000000e+00,0.000000000000000000e+00,0.000000000000000000e+00,0.000000000000000000e+00,0.000000000000000000e+00,2.399999999999999911e+00,0.000000000000000000e+00,0.000000000000000000e+00,0.000000000000000000e+00,0.000000000000000000e+00,0.000000000000000000e+00,0.000000000000000000e+00,0.000000000000000000e+00,1.800000000000000044e+00,0.000000000000000000e+00,1.619999999999999929e+01
2.799999999999999822e+00,0.000000000000000000e+00,0.000000000000000000e+00,1.199999999999999956e+00,0.000000000000000000e+00,0.000000000000000000e+00,0.000000000000000000e+00,0.000000000000000000e+00,0.000000000000000000e+00,0.000000000000000000e+00,0.000000000000000000e+00,0.000000000000000000e+00,0.000000000000000000e+00,0.000000000000000000e+00,7.200000000000000178e+00,4.000000000000000222e-01,7.799999999999999822e+00,1.200000000000000000e+01,0.000000000000000000e+00,4.000000000000000222e-01,4.599999999999999645e+00,0.000000000000000000e+00,0.000000000000000000e+00,0.000000000000000000e+00,1.600000000000000089e+00,2.180000000000000071e+01,1.680000000000000071e+01,4.599999999999999645e+00,0.000000000000000000e+00,8.000000000000000444e-01,0.000000000000000000e+00,0.000000000000000000e+00,6.000000000000000000e+00,0.000000000000000000e+00,1.200000000000000000e+01,0.000000000000000000e+00,0.000000000000000000e+00,4.000000000000000222e-01,0.000000000000000000e+00,8.000000000000000444e-01,0.000000000000000000e+00,0.000000000000000000e+00,6.340000000000000568e+01,5.999999999999999778e-01,1.800000000000000044e+00,0.000000000000000000e+00,4.000000000000000222e-01,1.600000000000000089e+00,0.000000000000000000e+00,0.000000000000000000e+00,3.200000000000000178e+00,4.000000000000000000e+00,0.000000000000000000e+00,0.000000000000000000e+00,2.399999999999999911e+00,0.000000000000000000e+00,0.000000000000000000e+00,3.400000000000000355e+00,2.000000000000000111e-01,0.000000000000000000e+00,0.000000000000000000e+00,9.199999999999999289e+00,3.200000000000000178e+00,0.000000000000000000e+00,0.000000000000000000e+00,0.000000000000000000e+00,0.000000000000000000e+00,0.000000000000000000e+00,0.000000000000000000e+00,2.200000000000000178e+00,0.000000000000000000e+00,4.860000000000000142e+01
1.199999999999999956e+00,0.000000000000000000e+00,0.000000000000000000e+00,7.820000000000000284e+01,0.000000000000000000e+00,0.000000000000000000e+00,0.000000000000000000e+00,0.000000000000000000e+00,0.000000000000000000e+00,0.000000000000000000e+00,0.000000000000000000e+00,0.000000000000000000e+00,2.000000000000000111e-01,0.000000000000000000e+00,4.400000000000000355e+00,2.000000000000000111e-01,5.999999999999999778e-01,1.399999999999999911e+00,0.000000000000000000e+00,2.000000000000000111e-01,3.239999999999999858e+01,8.000000000000001554e-01,0.000000000000000000e+00,1.000000000000000000e+00,1.199999999999999956e+00,1.800000000000000044e+00,5.400000000000000355e+00,3.239999999999999858e+01,2.000000000000000111e-01,2.000000000000000111e-01,0.000000000000000000e+00,0.000000000000000000e+00,5.999999999999999778e-01,0.000000000000000000e+00,2.980000000000000071e+01,0.000000000000000000e+00,0.000000000000000000e+00,4.599999999999999645e+00,0.000000000000000000e+00,0.000000000000000000e+00,1.399999999999999911e+00,0.000000000000000000e+00,2.680000000000000071e+01,2.000000000000000111e-01,1.600000000000000089e+00,0.000000000000000000e+00,4.599999999999999645e+00,0.000000000000000000e+00,4.000000000000000222e-01,0.000000000000000000e+00,3.100000000000000000e+01,2.580000000000000071e+01,0.000000000000000000e+00,0.000000000000000000e+00,0.000000000000000000e+00,0.000000000000000000e+00,6.400000000000000355e+00,3.920000000000000284e+01,1.090000000000000000e+02,0.000000000000000000e+00,0.000000000000000000e+00,5.500000000000000000e+01,1.680000000000000071e+01,0.000000000000000000e+00,0.000000000000000000e+00,0.000000000000000000e+00,4.000000000000000222e-01,1.340000000000000036e+01,2.600000000000000089e+00,1.774000000000000057e+02,0.000000000000000000e+00,1.999999999999999833e-01
6.599999999999999645e+00,1.999999999999999833e-01,3.500000000000000000e+01,4.799999999999999822e+00,1.839999999999999858e+01,0.000000000000000000e+00,0.000000000000000000e+00,4.000000000000000222e-01,8.000000000000000444e-01,4.000000000000000222e-01,8.000000000000000444e-01,0.000000000000000000e+00,4.000000000000000000e+00,0.000000000000000000e+00,0.000000000000000000e+00,2.000000000000000111e-01,2.600000000000000089e+00,0.000000000000000000e+00,2.000000000000000111e-01,2.000000000000000111e-01,3.799999999999999378e+00,0.000000000000000000e+00,1.000000000000000000e+01,0.000000000000000000e+00,0.000000000000000000e+00,1.199999999999999956e+00,1.800000000000000044e+00,3.799999999999999822e+00,8.000000000000000444e-01,0.000000000000000000e+00,5.039999999999999858e+01,1.000000000000000000e+01,0.000000000000000000e+00,5.200000000000000178e+00,1.600000000000000089e+00,0.000000000000000000e+00,0.000000000000000000e+00,0.000000000000000000e+00,2.000000000000000111e-01,1.600000000000000089e+00,4.000000000000000000e+00,0.000000000000000000e+00,5.179999999999999716e+01,0.000000000000000000e+00,0.000000000000000000e+00,0.000000000000000000e+00,0.000000000000000000e+00,0.000000000000000000e+00,5.999999999999999778e-01,0.000000000000000000e+00,6.400000000000000355e+00,1.399999999999999911e+00,6.799999999999999822e+00,7.400000000000001243e+00,0.000000000000000000e+00,0.000000000000000000e+00,6.840000000000001990e+01,1.540000000000000036e+01,1.119999999999999929e+01,2.600000000000000533e+00,0.000000000000000000e+00,5.599999999999999645e+00,2.200000000000000178e+00,0.000000000000000000e+00,0.000000000000000000e+00,1.919999999999999929e+01,2.480000000000000071e+01,2.300000000000000000e+01,4.200000000000000178e+00,5.599999999999999645e+00,6.799999999999999822e+00,2.880000000000000071e+01
6.799999999999999822e+00,8.400000000000000355e+00,1.380000000000000071e+01,2.399999999999999911e+00,1.420000000000000107e+01,0.000000000000000000e+00,0.000000000000000000e+00,0.000000000000000000e+00,0.000000000000000000e+00,0.000000000000000000e+00,0.000000000000000000e+00,0.000000000000000000e+00,7.599999999999998757e+00,0.000000000000000000e+00,0.000000000000000000e+00,2.000000000000000111e-01,0.000000000000000000e+00,0.000000000000000000e+00,0.000000000000000000e+00,2.000000000000000111e-01,2.000000000000000111e-01,0.000000000000000000e+00,8.140000000000000568e+01,0.000000000000000000e+00,0.000000000000000000e+00,0.000000000000000000e+00,0.000000000000000000e+00,2.000000000000000111e-01,2.799999999999999822e+00,0.000000000000000000e+00,3.600000000000000089e+00,8.140000000000000568e+01,0.000000000000000000e+00,2.600000000000000089e+00,6.599999999999999645e+00,0.000000000000000000e+00,0.000000000000000000e+00,3.379999999999999716e+01,0.000000000000000000e+00,0.000000000000000000e+00,8.599999999999997868e+00,0.000000000000000000e+00,1.619999999999999929e+01,1.600000000000000089e+00,0.000000000000000000e+00,0.000000000000000000e+00,3.379999999999999716e+01,0.000000000000000000e+00,7.000000000000000000e+00,0.000000000000000000e+00,1.399999999999999911e+00,4.000000000000000222e-01,4.000000000000000222e-01,1.540000000000000036e+01,0.000000000000000000e+00,0.000000000000000000e+00,4.239999999999999858e+01,0.000000000000000000e+00,0.000000000000000000e+00,6.139999999999999858e+01,0.000000000000000000e+00,0.000000000000000000e+00,1.900000000000000000e+01,0.000000000000000000e+00,0.000000000000000000e+00,1.399999999999999911e+00,1.180000000000000071e+01,4.000000000000000222e-01,1.459999999999999964e+01,4.200000000000000178e+00,4.000000000000000222e-01,1.037999999999999972e+02
7.199999999999999289e+00,1.479999999999999893e+01,1.000000000000000000e+01,2.000000000000000111e-01,9.920000000000000284e+01,0.000000000000000000e+00,0.000000000000000000e+00,4.379999999999999716e+01,0.000000000000000000e+00,4.379999999999999716e+01,0.000000000000000000e+00,0.000000000000000000e+00,8.000000000000000444e-01,0.000000000000000000e+00,7.000000000000000000e+00,1.800000000000000000e+01,2.200000000000000178e+00,4.000000000000000222e-01,4.100000000000000000e+01,1.800000000000000000e+01,9.800000000000000711e+00,7.599999999999998757e+00,2.000000000000000111e-01,5.000000000000000000e+00,0.000000000000000000e+00,4.000000000000000222e-01,1.660000000000000142e+01,9.800000000000000711e+00,9.000000000000000000e+00,0.000000000000000000e+00,6.559999999999999432e+01,2.000000000000000111e-01,0.000000000000000000e+00,0.000000000000000000e+00,2.000000000000000111e-01,0.000000000000000000e+00,0.000000000000000000e+00,2.180000000000000071e+01,0.000000000000000000e+00,0.000000000000000000e+00,3.279999999999999716e+01,0.000000000000000000e+00,2.800000000000000000e+01,5.999999999999999778e-01,0.000000000000000000e+00,0.000000000000000000e+00,2.180000000000000071e+01,2.600000000000000089e+00,0.000000000000000000e+00,0.000000000000000000e+00,0.000000000000000000e+00,0.000000000000000000e+00,1.480000000000000071e+01,1.480000000000000249e+01,8.599999999999997868e+00,0.000000000000000000e+00,0.000000000000000000e+00,0.000000000000000000e+00,2.000000000000000111e-01,0.000000000000000000e+00,0.000000000000000000e+00,1.000000000000000000e+00,2.260000000000000142e+01,0.000000000000000000e+00,0.000000000000000000e+00,2.400000000000000000e+01,3.200000000000000178e+00,4.000000000000000000e+00,1.280000000000000071e+01,3.339999999999999858e+01,1.480000000000000071e+01,2.100000000000000000e+01
1.719999999999999929e+01,2.200000000000000178e+00,1.199999999999999956e+00,0.000000000000000000e+00,2.600000000000000089e+00,0.000000000000000000e+00,0.000000000000000000e+00,2.160000000000000142e+01,1.180000000000000071e+01,2.159999999999999787e+01,1.180000000000000071e+01,0.000000000000000000e+00,2.399999999999999911e+00,0.000000000000000000e+00,2.799999999999999822e+00,2.460000000000000142e+01,7.200000000000000178e+00,2.980000000000000071e+01,1.880000000000000071e+01,2.460000000000000142e+01,1.800000000000000044e+00,4.079999999999999716e+01,1.019999999999999929e+01,8.700000000000000000e+01,8.300000000000000000e+01,2.300000000000000000e+01,1.800000000000000000e+01,1.800000000000000044e+00,1.800000000000000044e+00,2.000000000000000111e-01,3.060000000000000142e+01,1.019999999999999929e+01,5.039999999999999858e+01,1.860000000000000142e+01,2.000000000000000000e+00,0.000000000000000000e+00,0.000000000000000000e+00,6.000000000000000000e+00,2.019999999999999929e+01,1.739999999999999503e+01,1.580000000000000071e+01,0.000000000000000000e+00,2.600000000000000089e+00,5.000000000000000888e+00,2.000000000000000111e-01,0.000000000000000000e+00,6.000000000000000000e+00,1.600000000000000089e+00,6.599999999999999645e+00,0.000000000000000000e+00,8.000000000000000444e-01,1.600000000000000089e+00,1.400000000000000000e+01,1.780000000000000071e+01,8.000000000000000000e+00,0.000000000000000000e+00,1.119999999999999929e+01,1.199999999999999956e+00,0.000000000000000000e+00,8.000000000000001554e-01,0.000000000000000000e+00,8.000000000000000444e-01,1.300000000000000000e+01,0.000000000000000000e+00,0.000000000000000000e+00,1.780000000000000071e+01,1.199999999999999956e+00,1.700000000000000000e+01,1.400000000000000000e+01,2.060000000000000142e+01,1.400000000000000000e+01,1.480000000000000071e+01
1.799999999999999822e+00,0.000000000000000000e+00,0.000000000000000000e+00,1.600000000000000089e+00,0.000000000000000000e+00,0.000000000000000000e+00,0.000000000000000000e+00,1.800000000000000000e+01,2.000000000000000111e-01,1.800000000000000000e+01,2.000000000000000111e-01,0.000000000000000000e+00,2.799999999999999822e+00,0.000000000000000000e+00,2.000000000000000111e-01,5.599999999999999645e+00,1.539999999999999858e+01,2.399999999999999911e+00,4.799999999999999822e+00,5.599999999999999645e+00,7.800000000000000711e+00,2.600000000000000089e+00,5.999999999999999778e-01,4.400000000000000355e+00,2.799999999999999822e+00,1.559999999999999964e+01,1.760000000000000142e+01,7.799999999999999822e+00,2.399999999999999911e+00,0.000000000000000000e+00,8.000000000000000444e-01,5.999999999999999778e-01,1.059999999999999964e+01,2.000000000000000111e-01,2.000000000000000111e-01,0.000000000000000000e+00,0.000000000000000000e+00,6.200000000000000178e+00,1.519999999999999929e+01,2.000000000000000111e-01,2.000000000000000000e+00,0.000000000000000000e+00,1.800000000000000044e+00,1.199999999999999956e+00,4.200000000000000178e+00,0.000000000000000000e+00,6.200000000000000178e+00,2.000000000000000111e-01,5.899999999999999289e+01,0.000000000000000000e+00,0.000000000000000000e+00,8.000000000000000444e-01,0.000000000000000000e+00,2.000000000000000111e-01,4.320000000000000284e+01,0.000000000000000000e+00,4.000000000000000222e-01,0.000000000000000000e+00,4.799999999999999822e+00,4.599999999999999645e+00,0.000000000000000000e+00,2.000000000000000111e-01,1.400000000000000133e+00,0.000000000000000000e+00,0.000000000000000000e+00,0.000000000000000000e+00,2.000000000000000111e-01,2.000000000000000111e-01,0.000000000000000000e+00,8.000000000000000444e-01,0.000000000000000000e+00,3.799999999999999822e+00
2.200000000000000178e+00,2.100000000000000000e+01,4.599999999999999645e+00,1.300000000000000000e+01,2.799999999999999822e+00,0.000000000000000000e+00,0.000000000000000000e+00,4.239999999999999858e+01,6.799999999999999822e+00,4.239999999999999858e+01,6.799999999999999822e+00,0.000000000000000000e+00,6.400000000000000355e+00,0.000000000000000000e+00,6.400000000000000355e+00,2.339999999999999858e+01,1.780000000000000071e+01,1.399999999999999911e+00,3.900000000000000000e+01,2.339999999999999858e+01,1.119999999999999929e+01,3.600000000000000000e+01,2.879999999999999716e+01,1.159999999999999964e+01,2.119999999999999929e+01,3.799999999999999822e+00,2.799999999999999822e+00,1.119999999999999929e+01,2.300000000000000000e+01,0.000000000000000000e+00,2.799999999999999822e+00,2.880000000000000071e+01,1.259999999999999964e+01,7.799999999999998934e+00,1.119999999999999929e+01,0.000000000000000000e+00,0.000000000000000000e+00,5.579999999999999716e+01,3.039999999999999858e+01,1.960000000000000142e+01,3.420000000000000284e+01,0.000000000000000000e+00,1.459999999999999964e+01,1.180000000000000249e+01,7.200000000000000178e+00,0.000000000000000000e+00,5.579999999999999716e+01,1.639999999999999503e+01,7.900000000000000000e+01,0.000000000000000000e+00,9.000000000000000000e+00,3.600000000000000089e+00,1.559999999999999964e+01,1.600000000000000089e+00,9.199999999999999289e+00,0.000000000000000000e+00,4.079999999999999716e+01,1.340000000000000036e+01,1.080000000000000071e+01,3.720000000000000284e+01,0.000000000000000000e+00,8.000000000000000444e-01,2.839999999999999858e+01,0.000000000000000000e+00,0.000000000000000000e+00,4.599999999999999645e+00,2.000000000000000111e-01,2.200000000000000178e+00,5.599999999999999645e+00,7.599999999999999645e+00,1.559999999999999964e+01,3.199999999999999734e+00
2.000000000000000111e-01,0.000000000000000000e+00,6.559999999999999432e+01,0.000000000000000000e+00,5.860000000000000142e+01,0.000000000000000000e+00,0.000000000000000000e+00,0.000000000000000000e+00,0.000000000000000000e+00,0.000000000000000000e+00,0.000000000000000000e+00,0.000000000000000000e+00,2.200000000000000178e+00,0.000000000000000000e+00,0.000000000000000000e+00,1.619999999999999929e+01,0.000000000000000000e+00,0.000000000000000000e+00,0.000000000000000000e+00,1.619999999999999929e+01,0.000000000000000000e+00,5.000000000000000000e+00,0.000000000000000000e+00,0.000000000000000000e+00,0.000000000000000000e+00,0.000000000000000000e+00,0.000000000000000000e+00,0.000000000000000000e+00,1.419999999999999929e+01,0.000000000000000000e+00,7.300000000000000000e+01,0.000000000000000000e+00,0.000000000000000000e+00,0.000000000000000000e+00,0.000000000000000000e+00,0.000000000000000000e+00,0.000000000000000000e+00,4.000000000000000222e-01,0.000000000000000000e+00,0.000000000000000000e+00,0.000000000000000000e+00,0.000000000000000000e+00,4.200000000000000178e+00,7.599999999999998757e+00,0.000000000000000000e+00,0.000000000000000000e+00,4.000000000000000222e-01,0.000000000000000000e+00,8.000000000000000444e-01,0.000000000000000000e+00,0.000000000000000000e+00,0.000000000000000000e+00,4.400000000000000000e+01,3.119999999999999929e+01,0.000000000000000000e+00,0.000000000000000000e+00,1.340000000000000036e+01,0.000000000000000000e+00,0.000000000000000000e+00,8.000000000000001554e-01,0.000000000000000000e+00,0.000000000000000000e+00,1.700000000000000000e+01,0.000000000000000000e+00,0.000000000000000000e+00,3.900000000000000000e+01,2.300000000000000000e+01,1.900000000000000000e+01,6.040000000000000568e+01,9.179999999999999716e+01,4.400000000000000000e+01,3.199999999999999734e+00
1.419999999999999751e+01,2.359999999999999787e+01,1.240000000000000036e+01,0.000000000000000000e+00,9.400000000000000355e+00,0.000000000000000000e+00,0.000000000000000000e+00,1.019999999999999929e+01,0.000000000000000000e+00,1.019999999999999929e+01,0.000000000000000000e+00,0.000000000000000000e+00,4.000000000000000000e+00,0.000000000000000000e+00,0.000000000000000000e+00,0.000000000000000000e+00,0.000000000000000000e+00,0.000000000000000000e+00,1.000000000000000000e+00,0.000000000000000000e+00,0.000000000000000000e+00,0.000000000000000000e+00,4.200000000000000178e+00,0.000000000000000000e+00,0.000000000000000000e+00,0.000000000000000000e+00,0.000000000000000000e+00,0.000000000000000000e+00,3.000000000000000000e+00,0.000000000000000000e+00,1.739999999999999503e+01,4.200000000000000178e+00,0.000000000000000000e+00,4.820000000000000284e+01,5.999999999999999778e-01,0.000000000000000000e+00,0.000000000000000000e+00,2.000000000000000111e-01,3.019999999999999929e+01,0.000000000000000000e+00,1.380000000000000071e+01,0.000000000000000000e+00,0.000000000000000000e+00,0.000000000000000000e+00,0.000000000000000000e+00,0.000000000000000000e+00,2.000000000000000111e-01,0.000000000000000000e+00,0.000000000000000000e+00,0.000000000000000000e+00,0.000000000000000000e+00,0.000000000000000000e+00,1.619999999999999929e+01,7.000000000000000000e+00,4.000000000000000777e-01,0.000000000000000000e+00,9.199999999999999289e+00,0.000000000000000000e+00,0.000000000000000000e+00,1.800000000000000044e+00,0.000000000000000000e+00,0.000000000000000000e+00,8.200000000000000000e+01,0.000000000000000000e+00,0.000000000000000000e+00,5.200000000000000178e+00,8.800000000000000711e+00,6.000000000000000000e+00,8.400000000000000355e+00,3.239999999999999858e+01,1.619999999999999929e+01,3.400000000000000000e+01
2.580000000000000071e+01,0.000000000000000000e+00,0.000000000000000000e+00,9.040000000000000568e+01,4.000000000000000222e-01,0.000000000000000000e+00,0.000000000000000000e+00,0.000000000000000000e+00,0.000000000000000000e+00,0.000000000000000000e+00,0.000000000000000000e+00,0.000000000000000000e+00,5.999999999999999778e-01,0.000000000000000000e+00,0.000000000000000000e+00,1.080000000000000071e+01,2.000000000000000111e-01,9.599999999999999645e+00,2.000000000000000111e-01,1.080000000000000071e+01,3.760000000000000142e+01,6.759999999999999432e+01,0.000000000000000000e+00,3.019999999999999929e+01,2.480000000000000071e+01,2.560000000000000142e+01,3.239999999999999858e+01,3.760000000000000142e+01,2.000000000000000111e-01,1.480000000000000071e+01,2.000000000000000111e-01,0.000000000000000000e+00,8.400000000000000355e+00,1.519999999999999929e+01,3.000000000000000000e+00,0.000000000000000000e+00,0.000000000000000000e+00,1.199999999999999956e+00,0.000000000000000000e+00,0.000000000000000000e+00,5.599999999999999645e+00,0.000000000000000000e+00,4.000000000000000000e+00,2.900000000000000000e+01,2.439999999999999858e+01,0.000000000000000000e+00,1.199999999999999956e+00,2.300000000000000000e+01,0.000000000000000000e+00,0.000000000000000000e+00,5.339999999999999858e+01,2.460000000000000142e+01,4.799999999999999822e+00,2.000000000000000111e-01,1.259999999999999964e+01,0.000000000000000000e+00,0.000000000000000000e+00,9.159999999999999432e+01,6.140000000000000568e+01,8.000000000000001554e-01,0.000000000000000000e+00,1.340000000000000000e+02,4.539999999999999858e+01,0.000000000000000000e+00,0.000000000000000000e+00,2.399999999999999911e+00,3.000000000000000000e+00,4.000000000000000222e-01,4.000000000000000222e-01,1.080000000000000071e+01,4.799999999999999822e+00,1.000000000000000000e+01
5.200000000000000178e+00,1.800000000000000044e+00,5.000000000000000000e+00,5.999999999999999778e-01,3.799999999999999822e+00,0.000000000000000000e+00,0.000000000000000000e+00,9.800000000000000711e+00,3.399999999999999911e+00,9.800000000000000711e+00,3.399999999999999911e+00,0.000000000000000000e+00,2.960000000000000142e+01,0.000000000000000000e+00,1.399999999999999911e+00,1.319999999999999929e+01,1.780000000000000071e+01,0.000000000000000000e+00,5.799999999999999822e+00,1.319999999999999929e+01,4.000000000000000222e-01,9.599999999999999645e+00,4.000000000000000222e-01,4.000000000000000222e-01,0.000000000000000000e+00,3.200000000000000178e+00,4.400000000000000355e+00,4.000000000000000222e-01,8.199999999999997513e+00,5.999999999999999778e-01,2.200000000000000178e+00,4.000000000000000222e-01,2.000000000000000111e-01,4.200000000000000178e+00,6.200000000000000178e+00,0.000000000000000000e+00,0.000000000000000000e+00,1.800000000000000044e+00,1.600000000000000089e+00,1.219999999999999929e+01,1.000000000000000000e+00,0.000000000000000000e+00,4.000000000000000000e+00,2.799999999999999822e+00,5.999999999999999778e-01,0.000000000000000000e+00,1.799999999999999822e+00,2.600000000000000089e+00,0.000000000000000000e+00,0.000000000000000000e+00,2.799999999999999822e+00,1.600000000000000089e+00,7.400000000000000355e+00,8.000000000000000444e-01,0.000000000000000000e+00,0.000000000000000000e+00,1.700000000000000000e+01,2.000000000000000111e-01,2.799999999999999822e+00,8.000000000000000000e+00,0.000000000000000000e+00,1.059999999999999964e+01,1.199999999999999956e+00,0.000000000000000000e+00,0.000000000000000000e+00,1.059999999999999964e+01,9.400000000000000355e+00,1.800000000000000000e+01,1.600000000000000089e+00,1.219999999999999929e+01,7.400000000000000355e+00,3.200000000000000000e+01
2.000000000000000111e-01,4.000000000000000000e+00,7.799999999999999822e+00,2.660000000000000142e+01,4.000000000000000000e+00,0.000000000000000000e+00,0.000000000000000000e+00,4.599999999999999645e+00,2.799999999999999822e+00,4.600000000000000533e+00,2.799999999999999822e+00,0.000000000000000000e+00,4.160000000000000142e+01,0.000000000000000000e+00,0.000000000000000000e+00,0.000000000000000000e+00,3.520000000000000284e+01,1.800000000000000044e+00,8.800000000000000711e+00,0.000000000000000000e+00,1.000000000000000000e+01,2.000000000000000389e-01,3.599999999999999645e+00,4.000000000000000222e-01,2.600000000000000089e+00,8.000000000000000444e-01,3.399999999999999911e+00,1.000000000000000000e+01,8.000000000000000444e-01,2.200000000000000178e+00,2.200000000000000178e+00,3.600000000000000089e+00,4.400000000000000355e+00,1.259999999999999964e+01,1.800000000000000044e+00,0.000000000000000000e+00,0.000000000000000000e+00,2.039999999999999858e+01,1.159999999999999964e+01,4.599999999999999645e+00,1.399999999999999911e+00,0.000000000000000000e+00,5.799999999999999822e+00,2.000000000000000111e-01,8.000000000000000444e-01,0.000000000000000000e+00,2.039999999999999858e+01,4.000000000000000222e-01,9.199999999999999289e+00,0.000000000000000000e+00,1.499999999999999822e+01,1.719999999999999929e+01,1.540000000000000036e+01,2.080000000000000071e+01,0.000000000000000000e+00,0.000000000000000000e+00,8.400000000000000355e+00,2.399999999999999911e+00,8.800000000000000711e+00,0.000000000000000000e+00,0.000000000000000000e+00,1.800000000000000044e+00,0.000000000000000000e+00,0.000000000000000000e+00,0.000000000000000000e+00,1.600000000000000089e+00,1.739999999999999503e+01,8.000000000000000444e-01,2.600000000000000089e+00,1.800000000000000044e+00,1.540000000000000036e+01,2.200000000000000178e+00
5.400000000000000355e+00,3.999999999999999667e-01,6.400000000000000355e+00,0.000000000000000000e+00,1.839999999999999858e+01,0.000000000000000000e+00,0.000000000000000000e+00,1.300000000000000000e+01,3.460000000000000142e+01,1.300000000000000000e+01,3.460000000000000142e+01,0.000000000000000000e+00,3.119999999999999574e+01,0.000000000000000000e+00,0.000000000000000000e+00,8.000000000000000444e-01,1.419999999999999929e+01,0.000000000000000000e+00,6.400000000000000355e+00,8.000000000000000444e-01,0.000000000000000000e+00,0.000000000000000000e+00,5.200000000000000178e+00,4.000000000000000222e-01,0.000000000000000000e+00,0.000000000000000000e+00,0.000000000000000000e+00,0.000000000000000000e+00,1.719999999999999929e+01,0.000000000000000000e+00,1.259999999999999964e+01,5.200000000000000178e+00,1.800000000000000044e+00,2.000000000000000111e-01,1.319999999999999929e+01,0.000000000000000000e+00,0.000000000000000000e+00,5.000000000000000000e+00,5.200000000000000178e+00,2.360000000000000142e+01,1.600000000000000089e+00,0.000000000000000000e+00,4.000000000000000000e+00,0.000000000000000000e+00,4.000000000000000222e-01,0.000000000000000000e+00,5.000000000000000000e+00,0.000000000000000000e+00,6.000000000000000000e+00,0.000000000000000000e+00,4.000000000000000222e-01,0.000000000000000000e+00,1.399999999999999911e+00,4.400000000000000355e+00,1.199999999999999956e+00,0.000000000000000000e+00,2.000000000000000111e-01,0.000000000000000000e+00,0.000000000000000000e+00,1.400000000000000000e+01,0.000000000000000000e+00,0.000000000000000000e+00,0.000000000000000000e+00,0.000000000000000000e+00,0.000000000000000000e+00,2.200000000000000178e+00,3.200000000000000178e+00,4.599999999999999645e+00,1.600000000000000089e+00,1.819999999999999929e+01,1.399999999999999911e+00,3.600000000000000089e+00
3.000000000000000000e+00,0.000000000000000000e+00,2.000000000000000000e+00,0.000000000000000000e+00,8.000000000000000000e+00,0.000000000000000000e+00,0.000000000000000000e+00,4.200000000000000178e+00,9.199999999999999289e+00,4.200000000000000178e+00,9.199999999999999289e+00,0.000000000000000000e+00,2.799999999999999822e+00,0.000000000000000000e+00,2.000000000000000111e-01,1.399999999999999911e+00,1.600000000000000089e+00,8.000000000000000444e-01,0.000000000000000000e+00,1.399999999999999911e+00,0.000000000000000000e+00,5.999999999999999778e-01,0.000000000000000000e+00,4.000000000000000222e-01,0.000000000000000000e+00,1.600000000000000089e+00,4.200000000000000178e+00,0.000000000000000000e+00,3.200000000000000178e+00,0.000000000000000000e+00,7.000000000000000000e+00,0.000000000000000000e+00,2.399999999999999911e+00,2.880000000000000071e+01,3.479999999999999716e+01,0.000000000000000000e+00,0.000000000000000000e+00,4.000000000000000222e-01,5.999999999999999778e-01,5.999999999999999778e-01,1.019999999999999929e+01,0.000000000000000000e+00,2.000000000000000111e-01,1.000000000000000000e+00,2.000000000000000111e-01,0.000000000000000000e+00,4.000000000000000222e-01,0.000000000000000000e+00,4.799999999999999822e+00,0.000000000000000000e+00,2.600000000000000089e+00,8.400000000000000355e+00,1.000000000000000000e+00,2.000000000000000000e+00,1.760000000000000142e+01,0.000000000000000000e+00,6.599999999999999645e+00,0.000000000000000000e+00,0.000000000000000000e+00,1.399999999999999911e+00,0.000000000000000000e+00,0.000000000000000000e+00,8.199999999999997513e+00,0.000000000000000000e+00,0.000000000000000000e+00,8.000000000000000444e-01,0.000000000000000000e+00,1.000000000000000000e+00,0.000000000000000000e+00,4.000000000000000222e-01,1.000000000000000000e+00,7.200000000000000178e+00
1.380000000000000249e+01,5.799999999999999822e+00,1.399999999999999911e+00,0.000000000000000000e+00,1.399999999999999911e+00,0.000000000000000000e+00,0.000000000000000000e+00,2.799999999999999822e+00,1.199999999999999956e+00,2.799999999999999822e+00,1.199999999999999956e+00,0.000000000000000000e+00,2.000000000000000000e+00,0.000000000000000000e+00,2.799999999999999822e+00,0.000000000000000000e+00,4.400000000000000355e+00,4.000000000000000222e-01,2.999999999999999556e+00,0.000000000000000000e+00,2.000000000000000111e-01,2.200000000000000178e+00,2.000000000000000111e-01,1.399999999999999911e+00,0.000000000000000000e+00,2.000000000000000000e+00,1.199999999999999956e+00,2.000000000000000111e-01,1.719999999999999929e+01,7.599999999999999645e+00,2.000000000000000111e-01,2.000000000000000111e-01,1.619999999999999929e+01,3.600000000000000089e+00,0.000000000000000000e+00,0.000000000000000000e+00,0.000000000000000000e+00,0.000000000000000000e+00,1.000000000000000000e+00,1.000000000000000000e+00,0.000000000000000000e+00,0.000000000000000000e+00,2.000000000000000000e+00,4.000000000000000222e-01,4.599999999999999645e+00,0.000000000000000000e+00,0.000000000000000000e+00,1.000000000000000000e+00,4.939999999999999858e+01,0.000000000000000000e+00,0.000000000000000000e+00,1.800000000000000044e+00,2.000000000000000000e+00,0.000000000000000000e+00,0.000000000000000000e+00,0.000000000000000000e+00,0.000000000000000000e+00,2.800000000000000000e+01,0.000000000000000000e+00,3.000000000000000000e+00,0.000000000000000000e+00,0.000000000000000000e+00,0.000000000000000000e+00,0.000000000000000000e+00,0.000000000000000000e+00,1.199999999999999956e+00,0.000000000000000000e+00,1.800000000000000266e+00,0.000000000000000000e+00,0.000000000000000000e+00,2.000000000000000000e+00,3.799999999999999822e+00
2.000000000000000111e-01,1.999999999999999833e-01,0.000000000000000000e+00,0.000000000000000000e+00,0.000000000000000000e+00,0.000000000000000000e+00,0.000000000000000000e+00,0.000000000000000000e+00,0.000000000000000000e+00,0.000000000000000000e+00,0.000000000000000000e+00,0.000000000000000000e+00,0.000000000000000000e+00,0.000000000000000000e+00,0.000000000000000000e+00,0.000000000000000000e+00,0.000000000000000000e+00,0.000000000000000000e+00,0.000000000000000000e+00,0.000000000000000000e+00,0.000000000000000000e+00,0.000000000000000000e+00,0.000000000000000000e+00,0.000000000000000000e+00,0.000000000000000000e+00,0.000000000000000000e+00,0.000000000000000000e+00,0.000000000000000000e+00,0.000000000000000000e+00,0.000000000000000000e+00,0.000000000000000000e+00,0.000000000000000000e+00,0.000000000000000000e+00,0.000000000000000000e+00,0.000000000000000000e+00,0.000000000000000000e+00,0.000000000000000000e+00,0.000000000000000000e+00,0.000000000000000000e+00,0.000000000000000000e+00,0.000000000000000000e+00,0.000000000000000000e+00,2.000000000000000111e-01,0.000000000000000000e+00,2.000000000000000111e-01,0.000000000000000000e+00,0.000000000000000000e+00,0.000000000000000000e+00,0.000000000000000000e+00,0.000000000000000000e+00,0.000000000000000000e+00,0.000000000000000000e+00,0.000000000000000000e+00,0.000000000000000000e+00,0.000000000000000000e+00,0.000000000000000000e+00,0.000000000000000000e+00,0.000000000000000000e+00,0.000000000000000000e+00,0.000000000000000000e+00,0.000000000000000000e+00,0.000000000000000000e+00,0.000000000000000000e+00,0.000000000000000000e+00,0.000000000000000000e+00,0.000000000000000000e+00,0.000000000000000000e+00,0.000000000000000000e+00,0.000000000000000000e+00,0.000000000000000000e+00,0.000000000000000000e+00,1.999999999999999833e-01
0.000000000000000000e+00,0.000000000000000000e+00,0.000000000000000000e+00,0.000000000000000000e+00,0.000000000000000000e+00,0.000000000000000000e+00,0.000000000000000000e+00,0.000000000000000000e+00,0.000000000000000000e+00,0.000000000000000000e+00,0.000000000000000000e+00,0.000000000000000000e+00,0.000000000000000000e+00,0.000000000000000000e+00,0.000000000000000000e+00,0.000000000000000000e+00,0.000000000000000000e+00,0.000000000000000000e+00,0.000000000000000000e+00,0.000000000000000000e+00,0.000000000000000000e+00,2.000000000000000389e-01,0.000000000000000000e+00,0.000000000000000000e+00,0.000000000000000000e+00,0.000000000000000000e+00,0.000000000000000000e+00,0.000000000000000000e+00,0.000000000000000000e+00,0.000000000000000000e+00,0.000000000000000000e+00,0.000000000000000000e+00,0.000000000000000000e+00,0.000000000000000000e+00,0.000000000000000000e+00,0.000000000000000000e+00,0.000000000000000000e+00,0.000000000000000000e+00,0.000000000000000000e+00,0.000000000000000000e+00,0.000000000000000000e+00,0.000000000000000000e+00,0.000000000000000000e+00,0.000000000000000000e+00,0.000000000000000000e+00,0.000000000000000000e+00,0.000000000000000000e+00,0.000000000000000000e+00,0.000000000000000000e+00,0.000000000000000000e+00,0.000000000000000000e+00,0.000000000000000000e+00,0.000000000000000000e+00,0.000000000000000000e+00,0.000000000000000000e+00,0.000000000000000000e+00,0.000000000000000000e+00,0.000000000000000000e+00,0.000000000000000000e+00,0.000000000000000000e+00,0.000000000000000000e+00,0.000000000000000000e+00,0.000000000000000000e+00,0.000000000000000000e+00,0.000000000000000000e+00,0.000000000000000000e+00,0.000000000000000000e+00,0.000000000000000000e+00,0.000000000000000000e+00,0.000000000000000000e+00,0.000000000000000000e+00,0.000000000000000000e+00
0.000000000000000000e+00,0.000000000000000000e+00,0.000000000000000000e+00,0.000000000000000000e+00,0.000000000000000000e+00,0.000000000000000000e+00,0.000000000000000000e+00,0.000000000000000000e+00,0.000000000000000000e+00,0.000000000000000000e+00,0.000000000000000000e+00,0.000000000000000000e+00,0.000000000000000000e+00,0.000000000000000000e+00,0.000000000000000000e+00,0.000000000000000000e+00,0.000000000000000000e+00,0.000000000000000000e+00,0.000000000000000000e+00,0.000000000000000000e+00,1.040000000000000036e+01,0.000000000000000000e+00,0.000000000000000000e+00,0.000000000000000000e+00,0.000000000000000000e+00,0.000000000000000000e+00,0.000000000000000000e+00,1.040000000000000036e+01,0.000000000000000000e+00,0.000000000000000000e+00,0.000000000000000000e+00,0.000000000000000000e+00,0.000000000000000000e+00,0.000000000000000000e+00,0.000000000000000000e+00,0.000000000000000000e+00,0.000000000000000000e+00,0.000000000000000000e+00,0.000000000000000000e+00,0.000000000000000000e+00,0.000000000000000000e+00,0.000000000000000000e+00,0.000000000000000000e+00,0.000000000000000000e+00,0.000000000000000000e+00,0.000000000000000000e+00,0.000000000000000000e+00,0.000000000000000000e+00,0.000000000000000000e+00,0.000000000000000000e+00,0.000000000000000000e+00,2.000000000000000111e-01,0.000000000000000000e+00,0.000000000000000000e+00,0.000000000000000000e+00,0.000000000000000000e+00,0.000000000000000000e+00,0.000000000000000000e+00,0.000000000000000000e+00,0.000000000000000000e+00,0.000000000000000000e+00,0.000000000000000000e+00,0.000000000000000000e+00,0.000000000000000000e+00,0.000000000000000000e+00,0.000000000000000000e+00,0.000000000000000000e+00,0.000000000000000000e+00,0.000000000000000000e+00,0.000000000000000000e+00,0.000000000000000000e+00,0.000000000000000000e+00
9.400000000000000355e+00,0.000000000000000000e+00,0.000000000000000000e+00,0.000000000000000000e+00,0.000000000000000000e+00,0.000000000000000000e+00,0.000000000000000000e+00,0.000000000000000000e+00,0.000000000000000000e+00,0.000000000000000000e+00,0.000000000000000000e+00,0.000000000000000000e+00,0.000000000000000000e+00,0.000000000000000000e+00,0.000000000000000000e+00,2.000000000000000000e+00,0.000000000000000000e+00,0.000000000000000000e+00,0.000000000000000000e+00,2.000000000000000000e+00,1.240000000000000036e+01,1.860000000000000142e+01,0.000000000000000000e+00,0.000000000000000000e+00,0.000000000000000000e+00,0.000000000000000000e+00,0.000000000000000000e+00,1.240000000000000036e+01,0.000000000000000000e+00,0.000000000000000000e+00,0.000000000000000000e+00,0.000000000000000000e+00,0.000000000000000000e+00,2.399999999999999911e+00,0.000000000000000000e+00,0.000000000000000000e+00,0.000000000000000000e+00,0.000000000000000000e+00,0.000000000000000000e+00,0.000000000000000000e+00,0.000000000000000000e+00,0.000000000000000000e+00,0.000000000000000000e+00,1.000000000000000000e+00,2.600000000000000000e+01,0.000000000000000000e+00,0.000000000000000000e+00,0.000000000000000000e+00,0.000000000000000000e+00,0.000000000000000000e+00,2.980000000000000071e+01,4.000000000000000222e-01,0.000000000000000000e+00,0.000000000000000000e+00,2.000000000000000389e-01,0.000000000000000000e+00,0.000000000000000000e+00,5.799999999999999822e+00,0.000000000000000000e+00,0.000000000000000000e+00,0.000000000000000000e+00,1.080000000000000071e+01,0.000000000000000000e+00,0.000000000000000000e+00,0.000000000000000000e+00,0.000000000000000000e+00,0.000000000000000000e+00,0.000000000000000000e+00,0.000000000000000000e+00,0.000000000000000000e+00,0.000000000000000000e+00,0.000000000000000000e+00
1.000000000000000000e+00,0.000000000000000000e+00,4.799999999999999822e+00,2.519999999999999929e+01,0.000000000000000000e+00,0.000000000000000000e+00,0.000000000000000000e+00,0.000000000000000000e+00,0.000000000000000000e+00,0.000000000000000000e+00,0.000000000000000000e+00,0.000000000000000000e+00,4.400000000000000355e+00,0.000000000000000000e+00,3.200000000000000178e+00,8.400000000000000355e+00,0.000000000000000000e+00,1.119999999999999929e+01,0.000000000000000000e+00,8.400000000000000355e+00,4.320000000000000284e+01,1.059999999999999964e+01,0.000000000000000000e+00,4.060000000000000142e+01,2.700000000000000000e+01,8.400000000000000355e+00,3.239999999999999858e+01,4.320000000000000284e+01,0.000000000000000000e+00,0.000000000000000000e+00,1.540000000000000036e+01,0.000000000000000000e+00,0.000000000000000000e+00,5.799999999999999822e+00,2.000000000000000111e-01,0.000000000000000000e+00,0.000000000000000000e+00,0.000000000000000000e+00,2.000000000000000000e+00,0.000000000000000000e+00,9.199999999999999289e+00,0.000000000000000000e+00,4.260000000000000142e+01,1.280000000000000071e+01,1.399999999999999911e+00,0.000000000000000000e+00,0.000000000000000000e+00,1.340000000000000036e+01,0.000000000000000000e+00,0.000000000000000000e+00,6.200000000000000178e+00,1.660000000000000142e+01,0.000000000000000000e+00,5.999999999999999778e-01,3.399999999999999911e+00,0.000000000000000000e+00,1.000000000000000000e+00,4.760000000000000142e+01,3.399999999999999911e+00,0.000000000000000000e+00,0.000000000000000000e+00,8.000000000000000000e+00,4.000000000000000222e-01,0.000000000000000000e+00,0.000000000000000000e+00,9.199999999999999289e+00,0.000000000000000000e+00,1.739999999999999503e+01,0.000000000000000000e+00,0.000000000000000000e+00,0.000000000000000000e+00,0.000000000000000000e+00
8.000000000000000444e-01,7.999999999999999334e-01,8.000000000000000444e-01,6.800000000000000000e+01,3.799999999999999822e+00,0.000000000000000000e+00,0.000000000000000000e+00,0.000000000000000000e+00,0.000000000000000000e+00,0.000000000000000000e+00,0.000000000000000000e+00,0.000000000000000000e+00,1.199999999999999956e+00,0.000000000000000000e+00,1.240000000000000036e+01,2.880000000000000071e+01,2.000000000000000000e+00,9.160000000000000853e+01,0.000000000000000000e+00,2.880000000000000071e+01,8.920000000000000284e+01,4.539999999999999858e+01,0.000000000000000000e+00,7.740000000000000568e+01,6.379999999999999005e+01,5.800000000000000000e+01,6.520000000000000284e+01,8.920000000000000284e+01,1.600000000000000089e+00,6.979999999999999716e+01,2.000000000000000111e-01,0.000000000000000000e+00,7.020000000000000284e+01,0.000000000000000000e+00,2.000000000000000111e-01,0.000000000000000000e+00,0.000000000000000000e+00,0.000000000000000000e+00,0.000000000000000000e+00,0.000000000000000000e+00,2.000000000000000111e-01,0.000000000000000000e+00,2.000000000000000111e-01,1.939999999999999858e+01,4.239999999999999858e+01,0.000000000000000000e+00,0.000000000000000000e+00,3.960000000000000142e+01,1.300000000000000000e+01,0.000000000000000000e+00,5.000000000000000000e+01,1.340000000000000000e+02,4.000000000000000222e-01,0.000000000000000000e+00,2.300000000000000000e+01,0.000000000000000000e+00,5.999999999999999778e-01,5.920000000000000284e+01,9.379999999999999716e+01,0.000000000000000000e+00,0.000000000000000000e+00,2.260000000000000142e+01,5.999999999999999778e-01,0.000000000000000000e+00,0.000000000000000000e+00,0.000000000000000000e+00,0.000000000000000000e+00,2.000000000000000111e-01,0.000000000000000000e+00,0.000000000000000000e+00,4.000000000000000222e-01,1.800000000000000044e+00
8.000000000000000444e-01,2.799999999999999822e+00,7.799999999999999822e+00,0.000000000000000000e+00,2.000000000000000111e-01,0.000000000000000000e+00,0.000000000000000000e+00,1.800000000000000044e+00,3.000000000000000000e+00,1.800000000000000044e+00,3.000000000000000000e+00,0.000000000000000000e+00,3.200000000000000178e+00,0.000000000000000000e+00,1.000000000000000000e+00,1.199999999999999956e+00,9.599999999999999645e+00,2.000000000000000111e-01,2.999999999999999556e+00,1.199999999999999956e+00,0.000000000000000000e+00,5.999999999999999778e-01,4.000000000000000222e-01,0.000000000000000000e+00,2.000000000000000111e-01,0.000000000000000000e+00,0.000000000000000000e+00,0.000000000000000000e+00,9.599999999999999645e+00,1.399999999999999911e+00,2.799999999999999822e+00,4.000000000000000222e-01,8.000000000000000444e-01,2.200000000000000178e+00,2.399999999999999911e+00,0.000000000000000000e+00,0.000000000000000000e+00,7.000000000000000000e+00,3.799999999999999822e+00,4.799999999999999822e+00,1.000000000000000000e+00,0.000000000000000000e+00,7.799999999999999822e+00,3.200000000000000178e+00,0.000000000000000000e+00,0.000000000000000000e+00,6.999999999999999112e+00,5.999999999999999778e-01,5.279999999999999716e+01,0.000000000000000000e+00,2.000000000000000111e-01,0.000000000000000000e+00,6.000000000000000000e+00,8.000000000000000444e-01,1.199999999999999956e+00,0.000000000000000000e+00,2.399999999999999911e+00,0.000000000000000000e+00,0.000000000000000000e+00,7.599999999999998757e+00,0.000000000000000000e+00,0.000000000000000000e+00,2.200000000000000178e+00,0.000000000000000000e+00,0.000000000000000000e+00,4.000000000000000222e-01,1.839999999999999858e+01,2.000000000000000111e-01,2.399999999999999911e+00,1.000000000000000000e+00,6.000000000000000000e+00,1.000000000000000000e+00
6.200000000000000178e+00,1.800000000000000044e+00,3.000000000000000000e+00,4.000000000000000222e-01,2.399999999999999911e+00,0.000000000000000000e+00,0.000000000000000000e+00,0.000000000000000000e+00,5.200000000000000178e+00,0.000000000000000000e+00,5.200000000000000178e+00,0.000000000000000000e+00,2.619999999999999929e+01,0.000000000000000000e+00,2.000000000000000111e-01,4.000000000000000222e-01,1.441999999999999602e+02,4.560000000000000142e+01,4.400000000000000355e+00,4.000000000000000222e-01,0.000000000000000000e+00,4.000000000000000777e-01,4.000000000000000222e-01,3.100000000000000000e+01,3.660000000000000142e+01,0.000000000000000000e+00,0.000000000000000000e+00,0.000000000000000000e+00,3.620000000000000284e+01,1.800000000000000044e+00,1.000000000000000000e+01,4.000000000000000222e-01,4.199999999999999289e+01,2.480000000000000071e+01,1.199999999999999956e+00,0.000000000000000000e+00,0.000000000000000000e+00,8.199999999999997513e+00,2.000000000000000111e-01,3.820000000000000284e+01,0.000000000000000000e+00,0.000000000000000000e+00,1.800000000000000000e+01,2.000000000000000111e-01,2.580000000000000071e+01,0.000000000000000000e+00,8.199999999999997513e+00,2.540000000000000213e+01,3.279999999999999716e+01,0.000000000000000000e+00,1.559999999999999787e+01,7.200000000000000178e+00,2.000000000000000000e+00,2.800000000000000266e+00,6.179999999999999005e+01,0.000000000000000000e+00,2.799999999999999822e+00,9.199999999999999289e+00,1.800000000000000044e+00,1.719999999999999929e+01,0.000000000000000000e+00,0.000000000000000000e+00,1.600000000000000089e+00,0.000000000000000000e+00,0.000000000000000000e+00,6.599999999999999645e+00,2.039999999999999858e+01,1.000000000000000000e+01,4.060000000000000142e+01,6.599999999999999645e+00,2.000000000000000000e+00,1.440000000000000036e+01
1.539999999999999858e+01,2.200000000000000000e+01,9.459999999999999432e+01,3.000000000000000000e+00,1.034000000000000057e+02,0.000000000000000000e+00,0.000000000000000000e+00,1.800000000000000000e+01,2.400000000000000000e+01,1.800000000000000000e+01,2.400000000000000000e+01,0.000000000000000000e+00,9.240000000000000568e+01,0.000000000000000000e+00,4.000000000000000222e-01,0.000000000000000000e+00,1.700000000000000000e+01,5.999999999999999778e-01,1.459999999999999964e+01,0.000000000000000000e+00,0.000000000000000000e+00,1.199999999999999956e+00,1.240000000000000036e+01,1.800000000000000044e+00,7.799999999999998934e+00,2.219999999999999929e+01,2.880000000000000071e+01,0.000000000000000000e+00,1.300000000000000000e+01,2.000000000000000111e-01,5.360000000000000142e+01,1.240000000000000213e+01,2.000000000000000111e-01,1.040000000000000036e+01,2.560000000000000142e+01,0.000000000000000000e+00,0.000000000000000000e+00,1.197999999999999972e+02,2.739999999999999858e+01,3.360000000000000142e+01,1.400000000000000000e+01,0.000000000000000000e+00,2.280000000000000071e+01,2.000000000000000111e-01,2.300000000000000000e+01,0.000000000000000000e+00,1.197999999999999829e+02,4.039999999999999858e+01,7.200000000000000178e+00,0.000000000000000000e+00,1.059999999999999964e+01,5.799999999999999822e+00,5.120000000000000284e+01,5.500000000000000000e+01,5.799999999999999822e+00,0.000000000000000000e+00,9.000000000000000000e+00,1.839999999999999858e+01,6.400000000000000355e+00,6.139999999999999858e+01,0.000000000000000000e+00,5.999999999999999778e-01,1.080000000000000071e+01,0.000000000000000000e+00,0.000000000000000000e+00,5.400000000000000000e+01,4.720000000000000284e+01,3.279999999999999716e+01,3.260000000000000142e+01,1.800000000000000000e+01,5.120000000000000284e+01,1.939999999999999858e+01
2.800000000000000000e+01,5.239999999999999858e+01,9.259999999999999432e+01,4.000000000000000222e-01,1.435999999999999943e+02,0.000000000000000000e+00,0.000000000000000000e+00,6.820000000000000284e+01,3.700000000000000000e+01,6.820000000000000284e+01,3.700000000000000000e+01,0.000000000000000000e+00,1.135999999999999943e+02,0.000000000000000000e+00,6.599999999999999645e+00,1.340000000000000036e+01,9.220000000000000284e+01,4.599999999999999645e+00,3.560000000000000142e+01,1.340000000000000036e+01,0.000000000000000000e+00,3.200000000000000622e+00,6.459999999999999432e+01,1.440000000000000036e+01,5.000000000000000000e+00,5.999999999999999778e-01,0.000000000000000000e+00,0.000000000000000000e+00,7.779999999999998295e+01,4.000000000000000222e-01,4.939999999999999858e+01,6.459999999999999432e+01,4.599999999999999645e+00,3.520000000000000284e+01,7.620000000000000284e+01,0.000000000000000000e+00,0.000000000000000000e+00,1.124000000000000057e+02,9.959999999999999432e+01,2.819999999999999929e+01,5.060000000000000142e+01,0.000000000000000000e+00,3.939999999999999858e+01,8.800000000000000711e+00,3.500000000000000000e+01,0.000000000000000000e+00,1.124000000000000057e+02,1.260000000000000142e+01,7.420000000000000284e+01,0.000000000000000000e+00,2.000000000000000111e-01,2.000000000000000111e-01,9.340000000000000568e+01,6.000000000000000000e+01,9.199999999999999289e+00,0.000000000000000000e+00,4.479999999999999716e+01,2.000000000000000111e-01,1.000000000000000000e+00,1.124000000000000057e+02,0.000000000000000000e+00,4.000000000000000222e-01,2.879999999999999716e+01,0.000000000000000000e+00,0.000000000000000000e+00,8.820000000000000284e+01,8.559999999999998010e+01,1.017999999999999972e+02,6.600000000000000000e+01,4.520000000000000284e+01,9.340000000000000568e+01,3.159999999999999787e+01
2.600000000000000089e+00,4.900000000000000000e+01,9.679999999999999716e+01,1.719999999999999929e+01,1.640000000000000000e+02,0.000000000000000000e+00,0.000000000000000000e+00,1.500000000000000000e+01,3.200000000000000000e+01,1.500000000000000000e+01,3.200000000000000000e+01,0.000000000000000000e+00,2.319999999999999929e+01,0.000000000000000000e+00,1.800000000000000044e+00,1.080000000000000071e+01,6.859999999999999432e+01,4.239999999999999858e+01,1.040000000000000036e+01,1.080000000000000071e+01,0.000000000000000000e+00,1.800000000000000000e+01,6.500000000000000000e+01,4.239999999999999858e+01,4.020000000000000284e+01,9.400000000000000355e+00,2.500000000000000000e+01,0.000000000000000000e+00,7.400000000000000355e+00,1.780000000000000071e+01,1.144000000000000057e+02,6.500000000000000000e+01,1.140000000000000036e+01,7.200000000000000178e+00,9.279999999999999716e+01,0.000000000000000000e+00,0.000000000000000000e+00,1.800000000000000044e+00,5.539999999999999858e+01,4.079999999999999716e+01,2.619999999999999929e+01,0.000000000000000000e+00,7.640000000000000568e+01,7.200000000000000178e+00,5.200000000000000178e+00,0.000000000000000000e+00,1.799999999999999822e+00,2.799999999999999822e+00,2.799999999999999822e+00,0.000000000000000000e+00,1.419999999999999751e+01,6.200000000000000178e+00,9.600000000000000000e+01,1.072000000000000028e+02,5.200000000000000178e+00,0.000000000000000000e+00,3.779999999999999716e+01,3.639999999999999858e+01,5.279999999999999716e+01,1.919999999999999929e+01,0.000000000000000000e+00,3.060000000000000142e+01,2.000000000000000000e+01,0.000000000000000000e+00,0.000000000000000000e+00,7.679999999999998295e+01,7.140000000000001990e+01,8.179999999999998295e+01,9.300000000000000000e+01,8.979999999999998295e+01,9.600000000000000000e+01,4.799999999999999822e+00
0.000000000000000000e+00,0.000000000000000000e+00,2.000000000000000111e-01,0.000000000000000000e+00,2.000000000000000111e-01,0.000000000000000000e+00,0.000000000000000000e+00,0.000000000000000000e+00,0.000000000000000000e+00,0.000000000000000000e+00,0.000000000000000000e+00,0.000000000000000000e+00,0.000000000000000000e+00,0.000000000000000000e+00,2.000000000000000111e-01,0.000000000000000000e+00,0.000000000000000000e+00,0.000000000000000000e+00,0.000000000000000000e+00,0.000000000000000000e+00,0.000000000000000000e+00,2.000000000000000389e-01,0.000000000000000000e+00,0.000000000000000000e+00,2.000000000000000111e-01,9.199999999999999289e+00,1.559999999999999964e+01,0.000000000000000000e+00,2.000000000000000111e-01,5.999999999999999778e-01,2.000000000000000111e-01,0.000000000000000000e+00,2.000000000000000111e-01,0.000000000000000000e+00,0.000000000000000000e+00,0.000000000000000000e+00,0.000000000000000000e+00,0.000000000000000000e+00,0.000000000000000000e+00,0.000000000000000000e+00,0.000000000000000000e+00,0.000000000000000000e+00,0.000000000000000000e+00,2.000000000000000111e-01,2.139999999999999858e+01,0.000000000000000000e+00,0.000000000000000000e+00,4.000000000000000222e-01,0.000000000000000000e+00,0.000000000000000000e+00,0.000000000000000000e+00,0.000000000000000000e+00,2.000000000000000111e-01,0.000000000000000000e+00,5.999999999999999778e-01,0.000000000000000000e+00,0.000000000000000000e+00,0.000000000000000000e+00,0.000000000000000000e+00,0.000000000000000000e+00,0.000000000000000000e+00,0.000000000000000000e+00,0.000000000000000000e+00,0.000000000000000000e+00,0.000000000000000000e+00,0.000000000000000000e+00,2.000000000000000111e-01,0.000000000000000000e+00,2.000000000000000111e-01,1.199999999999999956e+00,2.000000000000000111e-01,0.000000000000000000e+00
0.000000000000000000e+00,0.000000000000000000e+00,0.000000000000000000e+00,0.000000000000000000e+00,2.000000000000000111e-01,0.000000000000000000e+00,0.000000000000000000e+00,0.000000000000000000e+00,0.000000000000000000e+00,0.000000000000000000e+00,0.000000000000000000e+00,0.000000000000000000e+00,0.000000000000000000e+00,0.000000000000000000e+00,0.000000000000000000e+00,0.000000000000000000e+00,0.000000000000000000e+00,0.000000000000000000e+00,0.000000000000000000e+00,0.000000000000000000e+00,0.000000000000000000e+00,2.000000000000000389e-01,0.000000000000000000e+00,0.000000000000000000e+00,0.000000000000000000e+00,0.000000000000000000e+00,0.000000000000000000e+00,0.000000000000000000e+00,0.000000000000000000e+00,2.000000000000000111e-01,0.000000000000000000e+00,0.000000000000000000e+00,0.000000000000000000e+00,0.000000000000000000e+00,0.000000000000000000e+00,0.000000000000000000e+00,0.000000000000000000e+00,0.000000000000000000e+00,0.000000000000000000e+00,0.000000000000000000e+00,0.000000000000000000e+00,0.000000000000000000e+00,0.000000000000000000e+00,0.000000000000000000e+00,0.000000000000000000e+00,0.000000000000000000e+00,0.000000000000000000e+00,0.000000000000000000e+00,0.000000000000000000e+00,0.000000000000000000e+00,0.000000000000000000e+00,0.000000000000000000e+00,0.000000000000000000e+00,0.000000000000000000e+00,0.000000000000000000e+00,0.000000000000000000e+00,0.000000000000000000e+00,0.000000000000000000e+00,0.000000000000000000e+00,0.000000000000000000e+00,2.000000000000000111e-01,0.000000000000000000e+00,0.000000000000000000e+00,0.000000000000000000e+00,0.000000000000000000e+00,0.000000000000000000e+00,0.000000000000000000e+00,0.000000000000000000e+00,0.000000000000000000e+00,0.000000000000000000e+00,0.000000000000000000e+00,0.000000000000000000e+00
0.000000000000000000e+00,6.039999999999999858e+01,0.000000000000000000e+00,0.000000000000000000e+00,0.000000000000000000e+00,0.000000000000000000e+00,0.000000000000000000e+00,0.000000000000000000e+00,0.000000000000000000e+00,0.000000000000000000e+00,0.000000000000000000e+00,0.000000000000000000e+00,0.000000000000000000e+00,0.000000000000000000e+00,0.000000000000000000e+00,0.000000000000000000e+00,0.000000000000000000e+00,0.000000000000000000e+00,0.000000000000000000e+00,0.000000000000000000e+00,0.000000000000000000e+00,4.000000000000000777e-01,0.000000000000000000e+00,0.000000000000000000e+00,8.000000000000000444e-01,2.200000000000000178e+00,2.399999999999999911e+00,0.000000000000000000e+00,0.000000000000000000e+00,2.000000000000000111e-01,0.000000000000000000e+00,0.000000000000000000e+00,5.999999999999999778e-01,0.000000000000000000e+00,0.000000000000000000e+00,0.000000000000000000e+00,0.000000000000000000e+00,2.000000000000000111e-01,0.000000000000000000e+00,0.000000000000000000e+00,0.000000000000000000e+00,0.000000000000000000e+00,0.000000000000000000e+00,0.000000000000000000e+00,8.000000000000000444e-01,0.000000000000000000e+00,2.000000000000000111e-01,0.000000000000000000e+00,0.000000000000000000e+00,0.000000000000000000e+00,0.000000000000000000e+00,0.000000000000000000e+00,0.000000000000000000e+00,0.000000000000000000e+00,0.000000000000000000e+00,0.000000000000000000e+00,0.000000000000000000e+00,0.000000000000000000e+00,0.000000000000000000e+00,0.000000000000000000e+00,0.000000000000000000e+00,0.000000000000000000e+00,0.000000000000000000e+00,0.000000000000000000e+00,0.000000000000000000e+00,0.000000000000000000e+00,0.000000000000000000e+00,0.000000000000000000e+00,0.000000000000000000e+00,0.000000000000000000e+00,0.000000000000000000e+00,0.000000000000000000e+00
0.000000000000000000e+00,0.000000000000000000e+00,0.000000000000000000e+00,0.000000000000000000e+00,0.000000000000000000e+00,0.000000000000000000e+00,0.000000000000000000e+00,0.000000000000000000e+00,0.000000000000000000e+00,0.000000000000000000e+00,0.000000000000000000e+00,0.000000000000000000e+00,0.000000000000000000e+00,0.000000000000000000e+00,0.000000000000000000e+00,0.000000000000000000e+00,0.000000000000000000e+00,0.000000000000000000e+00,0.000000000000000000e+00,0.000000000000000000e+00,0.000000000000000000e+00,0.000000000000000000e+00,0.000000000000000000e+00,0.000000000000000000e+00,0.000000000000000000e+00,0.000000000000000000e+00,0.000000000000000000e+00,0.000000000000000000e+00,0.000000000000000000e+00,0.000000000000000000e+00,0.000000000000000000e+00,0.000000000000000000e+00,0.000000000000000000e+00,0.000000000000000000e+00,0.000000000000000000e+00,0.000000000000000000e+00,0.000000000000000000e+00,0.000000000000000000e+00,0.000000000000000000e+00,0.000000000000000000e+00,0.000000000000000000e+00,0.000000000000000000e+00,0.000000000000000000e+00,0.000000000000000000e+00,0.000000000000000000e+00,0.000000000000000000e+00,0.000000000000000000e+00,0.000000000000000000e+00,0.000000000000000000e+00,0.000000000000000000e+00,0.000000000000000000e+00,0.000000000000000000e+00,0.000000000000000000e+00,0.000000000000000000e+00,0.000000000000000000e+00,0.000000000000000000e+00,0.000000000000000000e+00,0.000000000000000000e+00,0.000000000000000000e+00,0.000000000000000000e+00,0.000000000000000000e+00,0.000000000000000000e+00,0.000000000000000000e+00,0.000000000000000000e+00,0.000000000000000000e+00,0.000000000000000000e+00,0.000000000000000000e+00,0.000000000000000000e+00,0.000000000000000000e+00,0.000000000000000000e+00,0.000000000000000000e+00,0.000000000000000000e+00
0.000000000000000000e+00,0.000000000000000000e+00,0.000000000000000000e+00,0.000000000000000000e+00,0.000000000000000000e+00,0.000000000000000000e+00,0.000000000000000000e+00,0.000000000000000000e+00,0.000000000000000000e+00,0.000000000000000000e+00,0.000000000000000000e+00,0.000000000000000000e+00,0.000000000000000000e+00,0.000000000000000000e+00,0.000000000000000000e+00,0.000000000000000000e+00,0.000000000000000000e+00,0.000000000000000000e+00,0.000000000000000000e+00,0.000000000000000000e+00,0.000000000000000000e+00,0.000000000000000000e+00,0.000000000000000000e+00,0.000000000000000000e+00,0.000000000000000000e+00,0.000000000000000000e+00,0.000000000000000000e+00,0.000000000000000000e+00,0.000000000000000000e+00,0.000000000000000000e+00,0.000000000000000000e+00,0.000000000000000000e+00,0.000000000000000000e+00,0.000000000000000000e+00,0.000000000000000000e+00,0.000000000000000000e+00,0.000000000000000000e+00,0.000000000000000000e+00,0.000000000000000000e+00,0.000000000000000000e+00,0.000000000000000000e+00,0.000000000000000000e+00,0.000000000000000000e+00,0.000000000000000000e+00,0.000000000000000000e+00,0.000000000000000000e+00,0.000000000000000000e+00,0.000000000000000000e+00,0.000000000000000000e+00,0.000000000000000000e+00,0.000000000000000000e+00,0.000000000000000000e+00,0.000000000000000000e+00,0.000000000000000000e+00,0.000000000000000000e+00,0.000000000000000000e+00,0.000000000000000000e+00,0.000000000000000000e+00,0.000000000000000000e+00,0.000000000000000000e+00,0.000000000000000000e+00,0.000000000000000000e+00,0.000000000000000000e+00,0.000000000000000000e+00,0.000000000000000000e+00,0.000000000000000000e+00,0.000000000000000000e+00,0.000000000000000000e+00,0.000000000000000000e+00,0.000000000000000000e+00,0.000000000000000000e+00,0.000000000000000000e+00
1.219999999999999929e+01,0.000000000000000000e+00,4.400000000000000355e+00,8.400000000000000355e+00,1.880000000000000071e+01,0.000000000000000000e+00,0.000000000000000000e+00,2.000000000000000111e-01,2.000000000000000111e-01,2.000000000000000111e-01,2.000000000000000111e-01,0.000000000000000000e+00,5.999999999999999778e-01,0.000000000000000000e+00,2.000000000000000111e-01,1.719999999999999929e+01,2.600000000000000089e+00,4.100000000000000000e+01,9.000000000000000000e+00,1.719999999999999929e+01,0.000000000000000000e+00,4.320000000000000284e+01,2.000000000000000000e+00,5.239999999999999858e+01,4.979999999999999716e+01,2.799999999999999822e+00,3.200000000000000178e+00,0.000000000000000000e+00,2.000000000000000111e-01,1.540000000000000000e+02,7.599999999999997868e+00,2.000000000000000000e+00,5.600000000000000000e+01,1.399999999999999911e+00,1.100000000000000000e+01,0.000000000000000000e+00,0.000000000000000000e+00,2.019999999999999929e+01,1.400000000000000133e+00,2.000000000000000111e-01,3.399999999999999911e+00,0.000000000000000000e+00,1.900000000000000000e+01,6.999999999999999112e+00,2.119999999999999929e+01,0.000000000000000000e+00,2.019999999999999929e+01,2.739999999999999858e+01,2.399999999999999911e+00,0.000000000000000000e+00,2.000000000000000111e-01,7.200000000000000178e+00,1.399999999999999911e+00,9.199999999999999289e+00,7.900000000000000000e+01,0.000000000000000000e+00,4.000000000000000222e-01,3.799999999999999822e+00,1.019999999999999929e+01,3.600000000000000089e+00,0.000000000000000000e+00,0.000000000000000000e+00,0.000000000000000000e+00,0.000000000000000000e+00,0.000000000000000000e+00,3.799999999999999822e+00,8.800000000000000711e+00,4.000000000000000222e-01,0.000000000000000000e+00,0.000000000000000000e+00,1.399999999999999911e+00,3.159999999999999787e+01
1.719999999999999929e+01,0.000000000000000000e+00,1.200000000000000000e+01,7.799999999999999822e+00,2.480000000000000071e+01,0.000000000000000000e+00,0.000000000000000000e+00,2.300000000000000000e+01,1.660000000000000142e+01,2.300000000000000000e+01,1.660000000000000142e+01,0.000000000000000000e+00,1.559999999999999787e+01,0.000000000000000000e+00,3.539999999999999858e+01,1.277999999999999972e+02,1.559999999999999964e+01,1.030000000000000000e+02,3.900000000000000000e+01,1.277999999999999972e+02,0.000000000000000000e+00,1.690000000000000000e+02,3.120000000000000284e+01,1.474000000000000057e+02,1.300000000000000000e+02,1.880000000000000071e+01,2.839999999999999858e+01,0.000000000000000000e+00,1.660000000000000142e+01,1.468000000000000114e+02,5.799999999999999822e+00,3.119999999999999929e+01,7.859999999999998010e+01,3.200000000000000178e+00,3.920000000000000284e+01,0.000000000000000000e+00,0.000000000000000000e+00,6.000000000000000000e+00,1.559999999999999964e+01,3.200000000000000000e+01,2.399999999999999911e+00,0.000000000000000000e+00,1.719999999999999929e+01,7.600000000000000000e+01,9.959999999999999432e+01,0.000000000000000000e+00,6.000000000000000000e+00,3.400000000000000000e+01,4.000000000000000222e-01,0.000000000000000000e+00,1.000000000000000000e+01,6.200000000000000178e+00,2.180000000000000071e+01,1.839999999999999858e+01,8.659999999999998010e+01,0.000000000000000000e+00,2.460000000000000142e+01,1.200000000000000000e+01,2.800000000000000355e+01,7.400000000000000355e+00,0.000000000000000000e+00,0.000000000000000000e+00,2.600000000000000089e+00,0.000000000000000000e+00,0.000000000000000000e+00,2.980000000000000071e+01,2.119999999999999929e+01,2.560000000000000142e+01,1.639999999999999503e+01,1.480000000000000071e+01,2.180000000000000071e+01,1.619999999999999929e+01
1.188000000000000114e+02,0.000000000000000000e+00,8.959999999999998010e+01,1.219999999999999929e+01,2.119999999999999929e+01,0.000000000000000000e+00,0.000000000000000000e+00,1.340000000000000036e+01,4.460000000000000142e+01,1.340000000000000036e+01,4.460000000000000142e+01,0.000000000000000000e+00,6.620000000000000284e+01,0.000000000000000000e+00,3.760000000000000142e+01,1.960000000000000142e+01,2.739999999999999858e+01,8.799999999999998579e+01,2.060000000000000142e+01,1.960000000000000142e+01,0.000000000000000000e+00,2.100000000000000000e+01,3.600000000000000000e+01,5.720000000000000284e+01,5.239999999999999858e+01,1.860000000000000142e+01,1.219999999999999929e+01,0.000000000000000000e+00,8.199999999999997513e+00,2.760000000000000142e+01,2.839999999999999858e+01,3.600000000000000000e+01,1.159999999999999964e+01,6.200000000000000178e+00,4.479999999999999716e+01,0.000000000000000000e+00,0.000000000000000000e+00,4.620000000000000284e+01,3.300000000000000000e+01,2.900000000000000000e+01,1.059999999999999964e+01,0.000000000000000000e+00,1.939999999999999858e+01,1.619999999999999929e+01,6.779999999999999716e+01,0.000000000000000000e+00,4.620000000000000284e+01,6.879999999999999716e+01,1.059999999999999964e+01,0.000000000000000000e+00,5.799999999999999822e+00,4.400000000000000355e+00,3.820000000000000284e+01,8.139999999999999147e+01,8.120000000000000284e+01,0.000000000000000000e+00,5.739999999999999858e+01,1.040000000000000036e+01,2.799999999999999822e+00,1.559999999999999964e+01,0.000000000000000000e+00,0.000000000000000000e+00,7.400000000000000355e+00,0.000000000000000000e+00,0.000000000000000000e+00,5.139999999999999858e+01,7.200000000000000000e+01,3.460000000000000142e+01,6.139999999999999858e+01,3.200000000000000000e+01,3.820000000000000284e+01,1.005999999999999943e+02
3.979999999999999716e+01,2.940000000000000213e+01,3.119999999999999929e+01,1.319999999999999929e+01,1.800000000000000000e+01,0.000000000000000000e+00,0.000000000000000000e+00,4.679999999999999716e+01,1.939999999999999858e+01,4.679999999999999716e+01,1.939999999999999503e+01,0.000000000000000000e+00,5.660000000000000853e+01,0.000000000000000000e+00,5.479999999999999716e+01,1.380000000000000071e+01,3.300000000000000000e+01,7.700000000000000000e+01,5.339999999999999858e+01,1.380000000000000249e+01,0.000000000000000000e+00,3.160000000000000142e+01,1.900000000000000000e+01,5.600000000000000000e+01,6.020000000000000284e+01,1.159999999999999964e+01,9.199999999999999289e+00,0.000000000000000000e+00,5.579999999999999716e+01,4.100000000000000000e+01,2.539999999999999858e+01,1.900000000000000000e+01,8.700000000000000000e+01,1.900000000000000000e+01,6.940000000000001990e+01,0.000000000000000000e+00,0.000000000000000000e+00,2.880000000000000071e+01,5.100000000000000000e+01,1.500000000000000000e+01,3.739999999999999858e+01,0.000000000000000000e+00,2.239999999999999858e+01,5.200000000000000178e+00,1.200000000000000000e+01,0.000000000000000000e+00,2.879999999999999716e+01,1.519999999999999929e+01,1.519999999999999929e+01,0.000000000000000000e+00,2.000000000000000000e+00,2.399999999999999911e+00,5.400000000000000355e+00,6.420000000000000284e+01,3.860000000000000142e+01,0.000000000000000000e+00,4.639999999999999858e+01,5.599999999999999645e+00,2.560000000000000142e+01,6.979999999999999716e+01,0.000000000000000000e+00,3.139999999999999858e+01,2.500000000000000000e+01,0.000000000000000000e+00,0.000000000000000000e+00,4.000000000000000222e-01,2.300000000000000000e+01,8.000000000000000444e-01,7.000000000000000000e+00,6.400000000000000355e+00,5.400000000000000355e+00,4.139999999999999858e+01
2.000000000000000111e-01,1.199999999999999956e+00,0.000000000000000000e+00,2.000000000000000111e-01,0.000000000000000000e+00,2.600000000000000089e+00,5.999999999999999778e-01,1.619999999999999929e+01,1.800000000000000044e+00,1.619999999999999929e+01,1.800000000000000044e+00,1.399999999999999911e+00,5.999999999999999778e-01,2.000000000000000111e-01,4.000000000000000222e-01,1.800000000000000044e+00,1.259999999999999964e+01,2.000000000000000111e-01,2.019999999999999929e+01,1.800000000000000044e+00,0.000000000000000000e+00,2.000000000000000389e-01,8.000000000000000444e-01,2.000000000000000111e-01,2.000000000000000111e-01,5.400000000000000355e+00,3.399999999999999911e+00,0.000000000000000000e+00,2.200000000000000178e+00,5.999999999999999778e-01,0.000000000000000000e+00,8.000000000000000444e-01,2.000000000000000111e-01,2.000000000000000111e-01,2.000000000000000111e-01,0.000000000000000000e+00,4.000000000000000222e-01,2.000000000000000111e-01,1.459999999999999964e+01,4.400000000000000355e+00,1.600000000000000089e+00,4.400000000000000355e+00,3.420000000000000284e+01,5.999999999999999778e-01,2.000000000000000111e-01,4.000000000000000222e-01,2.000000000000000111e-01,5.999999999999999778e-01,5.999999999999999778e-01,0.000000000000000000e+00,0.000000000000000000e+00,0.000000000000000000e+00,0.000000000000000000e+00,0.000000000000000000e+00,1.000000000000000000e+00,2.000000000000000111e-01,4.000000000000000222e-01,0.000000000000000000e+00,2.600000000000000089e+00,2.000000000000000389e-01,2.000000000000000111e-01,0.000000000000000000e+00,5.999999999999999778e-01,0.000000000000000000e+00,0.000000000000000000e+00,0.000000000000000000e+00,0.000000000000000000e+00,0.000000000000000000e+00,0.000000000000000000e+00,0.000000000000000000e+00,0.000000000000000000e+00,0.000000000000000000e+00
2.600000000000000089e+00,0.000000000000000000e+00,0.000000000000000000e+00,0.000000000000000000e+00,0.000000000000000000e+00,0.000000000000000000e+00,0.000000000000000000e+00,1.199999999999999956e+00,0.000000000000000000e+00,1.199999999999999956e+00,0.000000000000000000e+00,0.000000000000000000e+00,0.000000000000000000e+00,0.000000000000000000e+00,0.000000000000000000e+00,0.000000000000000000e+00,0.000000000000000000e+00,0.000000000000000000e+00,0.000000000000000000e+00,0.000000000000000000e+00,0.000000000000000000e+00,2.000000000000000389e-01,0.000000000000000000e+00,0.000000000000000000e+00,0.000000000000000000e+00,0.000000000000000000e+00,0.000000000000000000e+00,0.000000000000000000e+00,0.000000000000000000e+00,0.000000000000000000e+00,0.000000000000000000e+00,0.000000000000000000e+00,0.000000000000000000e+00,2.000000000000000111e-01,0.000000000000000000e+00,0.000000000000000000e+00,0.000000000000000000e+00,0.000000000000000000e+00,0.000000000000000000e+00,0.000000000000000000e+00,0.000000000000000000e+00,2.000000000000000111e-01,3.760000000000000142e+01,0.000000000000000000e+00,0.000000000000000000e+00,0.000000000000000000e+00,0.000000000000000000e+00,0.000000000000000000e+00,0.000000000000000000e+00,0.000000000000000000e+00,0.000000000000000000e+00,0.000000000000000000e+00,0.000000000000000000e+00,0.000000000000000000e+00,0.000000000000000000e+00,0.000000000000000000e+00,0.000000000000000000e+00,0.000000000000000000e+00,0.000000000000000000e+00,0.000000000000000000e+00,0.000000000000000000e+00,0.000000000000000000e+00,0.000000000000000000e+00,0.000000000000000000e+00,0.000000000000000000e+00,0.000000000000000000e+00,0.000000000000000000e+00,0.000000000000000000e+00,0.000000000000000000e+00,0.000000000000000000e+00,0.000000000000000000e+00,5.999999999999999778e-01
0.000000000000000000e+00,0.000000000000000000e+00,0.000000000000000000e+00,0.000000000000000000e+00,0.000000000000000000e+00,0.000000000000000000e+00,0.000000000000000000e+00,0.000000000000000000e+00,0.000000000000000000e+00,0.000000000000000000e+00,0.000000000000000000e+00,0.000000000000000000e+00,0.000000000000000000e+00,0.000000000000000000e+00,0.000000000000000000e+00,0.000000000000000000e+00,0.000000000000000000e+00,0.000000000000000000e+00,0.000000000000000000e+00,0.000000000000000000e+00,0.000000000000000000e+00,0.000000000000000000e+00,0.000000000000000000e+00,0.000000000000000000e+00,0.000000000000000000e+00,0.000000000000000000e+00,0.000000000000000000e+00,0.000000000000000000e+00,0.000000000000000000e+00,0.000000000000000000e+00,0.000000000000000000e+00,0.000000000000000000e+00,0.000000000000000000e+00,0.000000000000000000e+00,0.000000000000000000e+00,0.000000000000000000e+00,0.000000000000000000e+00,0.000000000000000000e+00,0.000000000000000000e+00,0.000000000000000000e+00,0.000000000000000000e+00,0.000000000000000000e+00,2.000000000000000111e-01,0.000000000000000000e+00,0.000000000000000000e+00,0.000000000000000000e+00,0.000000000000000000e+00,0.000000000000000000e+00,0.000000000000000000e+00,0.000000000000000000e+00,0.000000000000000000e+00,0.000000000000000000e+00,0.000000000000000000e+00,0.000000000000000000e+00,0.000000000000000000e+00,0.000000000000000000e+00,0.000000000000000000e+00,0.000000000000000000e+00,0.000000000000000000e+00,0.000000000000000000e+00,0.000000000000000000e+00,0.000000000000000000e+00,0.000000000000000000e+00,0.000000000000000000e+00,0.000000000000000000e+00,0.000000000000000000e+00,0.000000000000000000e+00,0.000000000000000000e+00,0.000000000000000000e+00,0.000000000000000000e+00,0.000000000000000000e+00,0.000000000000000000e+00
1.240000000000000036e+01,0.000000000000000000e+00,0.000000000000000000e+00,0.000000000000000000e+00,0.000000000000000000e+00,0.000000000000000000e+00,0.000000000000000000e+00,0.000000000000000000e+00,0.000000000000000000e+00,0.000000000000000000e+00,0.000000000000000000e+00,0.000000000000000000e+00,0.000000000000000000e+00,0.000000000000000000e+00,0.000000000000000000e+00,2.399999999999999911e+00,0.000000000000000000e+00,0.000000000000000000e+00,0.000000000000000000e+00,2.399999999999999911e+00,0.000000000000000000e+00,0.000000000000000000e+00,0.000000000000000000e+00,0.000000000000000000e+00,0.000000000000000000e+00,0.000000000000000000e+00,3.600000000000000089e+00,0.000000000000000000e+00,0.000000000000000000e+00,0.000000000000000000e+00,0.000000000000000000e+00,0.000000000000000000e+00,0.000000000000000000e+00,0.000000000000000000e+00,0.000000000000000000e+00,0.000000000000000000e+00,0.000000000000000000e+00,0.000000000000000000e+00,0.000000000000000000e+00,2.000000000000000111e-01,0.000000000000000000e+00,0.000000000000000000e+00,0.000000000000000000e+00,1.219999999999999751e+01,2.399999999999999911e+00,0.000000000000000000e+00,0.000000000000000000e+00,1.019999999999999929e+01,0.000000000000000000e+00,0.000000000000000000e+00,0.000000000000000000e+00,0.000000000000000000e+00,0.000000000000000000e+00,0.000000000000000000e+00,0.000000000000000000e+00,0.000000000000000000e+00,0.000000000000000000e+00,0.000000000000000000e+00,0.000000000000000000e+00,0.000000000000000000e+00,0.000000000000000000e+00,2.400000000000000000e+01,0.000000000000000000e+00,0.000000000000000000e+00,0.000000000000000000e+00,0.000000000000000000e+00,0.000000000000000000e+00,0.000000000000000000e+00,0.000000000000000000e+00,0.000000000000000000e+00,0.000000000000000000e+00,0.000000000000000000e+00
6.599999999999999645e+00,0.000000000000000000e+00,2.000000000000000111e-01,3.000000000000000000e+00,0.000000000000000000e+00,0.000000000000000000e+00,0.000000000000000000e+00,0.000000000000000000e+00,0.000000000000000000e+00,0.000000000000000000e+00,0.000000000000000000e+00,0.000000000000000000e+00,0.000000000000000000e+00,2.000000000000000111e-01,8.000000000000000444e-01,2.000000000000000000e+00,0.000000000000000000e+00,1.660000000000000142e+01,0.000000000000000000e+00,2.000000000000000000e+00,0.000000000000000000e+00,1.439999999999999858e+01,0.000000000000000000e+00,9.599999999999999645e+00,1.819999999999999929e+01,5.799999999999999822e+00,0.000000000000000000e+00,0.000000000000000000e+00,0.000000000000000000e+00,5.000000000000000000e+00,0.000000000000000000e+00,0.000000000000000000e+00,1.080000000000000071e+01,0.000000000000000000e+00,0.000000000000000000e+00,0.000000000000000000e+00,0.000000000000000000e+00,0.000000000000000000e+00,1.000000000000000000e+00,2.000000000000000111e-01,2.619999999999999929e+01,0.000000000000000000e+00,2.000000000000000111e-01,4.200000000000000178e+00,8.000000000000000444e-01,0.000000000000000000e+00,0.000000000000000000e+00,3.000000000000000000e+00,0.000000000000000000e+00,8.000000000000000444e-01,5.999999999999999778e-01,1.399999999999999911e+00,0.000000000000000000e+00,0.000000000000000000e+00,3.399999999999999911e+00,0.000000000000000000e+00,4.000000000000000222e-01,1.800000000000000044e+00,1.639999999999999503e+01,0.000000000000000000e+00,1.000000000000000000e+00,0.000000000000000000e+00,2.600000000000000089e+00,0.000000000000000000e+00,8.000000000000000444e-01,0.000000000000000000e+00,0.000000000000000000e+00,0.000000000000000000e+00,0.000000000000000000e+00,0.000000000000000000e+00,0.000000000000000000e+00,0.000000000000000000e+00
1.000000000000000000e+00,4.000000000000000000e+00,3.200000000000000178e+00,2.000000000000000111e-01,3.260000000000000142e+01,2.560000000000000142e+01,0.000000000000000000e+00,5.799999999999999822e+00,9.000000000000000000e+00,5.800000000000000711e+00,9.000000000000000000e+00,8.000000000000000444e-01,8.000000000000000444e-01,2.000000000000000111e-01,1.760000000000000142e+01,1.140000000000000036e+01,2.000000000000000000e+00,3.279999999999999716e+01,1.380000000000000071e+01,1.140000000000000036e+01,0.000000000000000000e+00,7.400000000000001243e+00,4.599999999999999645e+00,1.280000000000000071e+01,1.780000000000000071e+01,9.400000000000000355e+00,3.000000000000000000e+00,0.000000000000000000e+00,0.000000000000000000e+00,8.599999999999997868e+00,4.400000000000000355e+00,4.599999999999999645e+00,1.059999999999999964e+01,0.000000000000000000e+00,3.200000000000000178e+00,0.000000000000000000e+00,4.799999999999999822e+00,5.599999999999999645e+00,8.000000000000000000e+00,5.400000000000000355e+00,1.300000000000000000e+01,6.200000000000000178e+00,2.200000000000000178e+00,1.259999999999999964e+01,5.339999999999999858e+01,4.799999999999999822e+00,5.600000000000000533e+00,5.639999999999999858e+01,0.000000000000000000e+00,4.000000000000000222e-01,5.999999999999999778e-01,1.399999999999999911e+00,5.999999999999999778e-01,2.939999999999999858e+01,1.059999999999999964e+01,6.000000000000000000e+00,1.800000000000000044e+00,1.800000000000000044e+00,1.800000000000000044e+00,5.799999999999999822e+00,1.040000000000000036e+01,5.999999999999999778e-01,5.999999999999999778e-01,5.999999999999999778e-01,4.000000000000000222e-01,3.200000000000000178e+00,1.399999999999999822e+01,1.399999999999999911e+00,1.639999999999999503e+01,3.479999999999999716e+01,5.999999999999999778e-01,0.000000000000000000e+00
7.199999999999999289e+00,1.100000000000000000e+01,2.700000000000000000e+01,1.399999999999999911e+00,2.139999999999999858e+01,1.800000000000000044e+00,1.199999999999999956e+00,2.399999999999999911e+00,2.600000000000000089e+00,2.399999999999999911e+00,2.600000000000000089e+00,3.799999999999999822e+00,1.140000000000000036e+01,2.080000000000000071e+01,1.000000000000000000e+01,3.060000000000000142e+01,1.700000000000000000e+01,8.800000000000000711e+00,1.600000000000000089e+00,3.059999999999999787e+01,0.000000000000000000e+00,4.339999999999999858e+01,3.379999999999999716e+01,3.879999999999999716e+01,6.000000000000000000e+01,3.200000000000000178e+00,5.200000000000000178e+00,0.000000000000000000e+00,1.800000000000000044e+00,6.200000000000000178e+00,2.419999999999999929e+01,3.379999999999999716e+01,1.040000000000000036e+01,0.000000000000000000e+00,2.200000000000000000e+01,0.000000000000000000e+00,1.760000000000000142e+01,5.060000000000000142e+01,1.540000000000000213e+01,1.080000000000000071e+01,2.700000000000000000e+01,1.259999999999999964e+01,1.419999999999999929e+01,1.619999999999999929e+01,2.080000000000000071e+01,1.760000000000000142e+01,5.060000000000000142e+01,1.540000000000000036e+01,1.780000000000000071e+01,5.799999999999999822e+00,9.000000000000000000e+00,1.219999999999999929e+01,2.480000000000000071e+01,9.400000000000000355e+00,1.780000000000000071e+01,1.199999999999999956e+00,9.000000000000000000e+00,2.200000000000000178e+00,1.800000000000000044e+00,1.980000000000000071e+01,2.919999999999999929e+01,5.999999999999999778e-01,5.600000000000000533e+00,1.800000000000000044e+00,5.799999999999999822e+00,7.200000000000000178e+00,1.300000000000000000e+01,2.460000000000000142e+01,2.340000000000000213e+01,3.600000000000000089e+00,2.480000000000000071e+01,1.999999999999999833e-01
2.000000000000000111e-01,1.999999999999999833e-01,2.019999999999999929e+01,1.800000000000000000e+01,7.399999999999999467e+00,0.000000000000000000e+00,0.000000000000000000e+00,0.000000000000000000e+00,0.000000000000000000e+00,0.000000000000000000e+00,0.000000000000000000e+00,0.000000000000000000e+00,0.000000000000000000e+00,0.000000000000000000e+00,1.180000000000000071e+01,0.000000000000000000e+00,5.999999999999999778e-01,0.000000000000000000e+00,0.000000000000000000e+00,0.000000000000000000e+00,0.000000000000000000e+00,0.000000000000000000e+00,0.000000000000000000e+00,2.000000000000000111e-01,2.000000000000000111e-01,4.200000000000000178e+00,9.000000000000000000e+00,0.000000000000000000e+00,0.000000000000000000e+00,0.000000000000000000e+00,2.000000000000000111e-01,0.000000000000000000e+00,1.000000000000000000e+00,2.000000000000000000e+00,0.000000000000000000e+00,0.000000000000000000e+00,0.000000000000000000e+00,1.600000000000000089e+00,0.000000000000000000e+00,0.000000000000000000e+00,0.000000000000000000e+00,0.000000000000000000e+00,4.000000000000000222e-01,2.000000000000000111e-01,2.000000000000000111e-01,0.000000000000000000e+00,1.600000000000000089e+00,9.000000000000000000e+00,0.000000000000000000e+00,0.000000000000000000e+00,1.399999999999999911e+00,1.199999999999999956e+00,2.799999999999999822e+00,2.800000000000000266e+00,2.000000000000000389e-01,0.000000000000000000e+00,0.000000000000000000e+00,1.680000000000000071e+01,3.060000000000000142e+01,1.580000000000000071e+01,0.000000000000000000e+00,3.600000000000000089e+00,0.000000000000000000e+00,0.000000000000000000e+00,0.000000000000000000e+00,2.000000000000000000e+00,3.000000000000000000e+00,1.399999999999999911e+00,4.000000000000000222e-01,2.000000000000000111e-01,2.799999999999999822e+00,0.000000000000000000e+00
2.000000000000000000e+00,6.000000000000000000e+00,8.000000000000000444e-01,0.000000000000000000e+00,6.599999999999999645e+00,1.800000000000000044e+00,0.000000000000000000e+00,2.680000000000000071e+01,3.460000000000000142e+01,2.680000000000000071e+01,3.460000000000000142e+01,0.000000000000000000e+00,0.000000000000000000e+00,0.000000000000000000e+00,7.799999999999998934e+00,1.399999999999999911e+00,3.539999999999999858e+01,0.000000000000000000e+00,3.720000000000000284e+01,1.399999999999999911e+00,0.000000000000000000e+00,4.000000000000000777e-01,5.799999999999999822e+00,0.000000000000000000e+00,2.000000000000000111e-01,0.000000000000000000e+00,0.000000000000000000e+00,0.000000000000000000e+00,9.199999999999999289e+00,2.000000000000000111e-01,1.400000000000000000e+01,5.799999999999998934e+00,0.000000000000000000e+00,2.000000000000000111e-01,1.600000000000000089e+00,0.000000000000000000e+00,0.000000000000000000e+00,3.180000000000000071e+01,6.599999999999999645e+00,1.800000000000000000e+01,2.000000000000000111e-01,0.000000000000000000e+00,3.399999999999999911e+00,0.000000000000000000e+00,2.000000000000000111e-01,0.000000000000000000e+00,3.180000000000000071e+01,0.000000000000000000e+00,7.800000000000000711e+00,0.000000000000000000e+00,0.000000000000000000e+00,0.000000000000000000e+00,0.000000000000000000e+00,4.000000000000000000e+00,0.000000000000000000e+00,8.000000000000000444e-01,8.000000000000000444e-01,0.000000000000000000e+00,0.000000000000000000e+00,3.799999999999999822e+00,0.000000000000000000e+00,2.000000000000000111e-01,0.000000000000000000e+00,3.600000000000000089e+00,0.000000000000000000e+00,1.800000000000000044e+00,1.000000000000000000e+00,5.999999999999999778e-01,1.600000000000000089e+00,2.799999999999999822e+00,0.000000000000000000e+00,0.000000000000000000e+00
2.000000000000000111e-01,5.200000000000000178e+00,1.800000000000000044e+00,0.000000000000000000e+00,1.180000000000000071e+01,0.000000000000000000e+00,0.000000000000000000e+00,0.000000000000000000e+00,2.000000000000000111e-01,0.000000000000000000e+00,2.000000000000000111e-01,0.000000000000000000e+00,1.399999999999999911e+00,0.000000000000000000e+00,0.000000000000000000e+00,0.000000000000000000e+00,2.000000000000000000e+00,0.000000000000000000e+00,0.000000000000000000e+00,0.000000000000000000e+00,0.000000000000000000e+00,0.000000000000000000e+00,2.200000000000000178e+00,0.000000000000000000e+00,0.000000000000000000e+00,0.000000000000000000e+00,2.000000000000000111e-01,0.000000000000000000e+00,3.399999999999999911e+00,0.000000000000000000e+00,2.399999999999999911e+00,2.200000000000000178e+00,0.000000000000000000e+00,0.000000000000000000e+00,3.799999999999999822e+00,0.000000000000000000e+00,0.000000000000000000e+00,7.599999999999998757e+00,0.000000000000000000e+00,0.000000000000000000e+00,0.000000000000000000e+00,0.000000000000000000e+00,2.000000000000000111e-01,0.000000000000000000e+00,0.000000000000000000e+00,0.000000000000000000e+00,7.599999999999998757e+00,0.000000000000000000e+00,8.000000000000000444e-01,0.000000000000000000e+00,2.000000000000000111e-01,0.000000000000000000e+00,1.600000000000000089e+00,0.000000000000000000e+00,0.000000000000000000e+00,0.000000000000000000e+00,1.559999999999999964e+01,0.000000000000000000e+00,0.000000000000000000e+00,7.000000000000000000e+00,0.000000000000000000e+00,0.000000000000000000e+00,0.000000000000000000e+00,2.000000000000000111e-01,0.000000000000000000e+00,4.000000000000000222e-01,0.000000000000000000e+00,2.000000000000000111e-01,0.000000000000000000e+00,1.000000000000000000e+00,1.600000000000000089e+00,0.000000000000000000e+00
0.000000000000000000e+00,2.200000000000000178e+00,4.400000000000000355e+00,0.000000000000000000e+00,2.600000000000000089e+00,0.000000000000000000e+00,0.000000000000000000e+00,2.000000000000000000e+00,3.200000000000000178e+00,2.000000000000000000e+00,3.200000000000000178e+00,0.000000000000000000e+00,3.799999999999999822e+00,0.000000000000000000e+00,0.000000000000000000e+00,0.000000000000000000e+00,1.100000000000000000e+01,0.000000000000000000e+00,2.000000000000000111e-01,0.000000000000000000e+00,0.000000000000000000e+00,2.000000000000000389e-01,2.799999999999999822e+00,0.000000000000000000e+00,0.000000000000000000e+00,2.000000000000000111e-01,0.000000000000000000e+00,0.000000000000000000e+00,3.600000000000000089e+00,0.000000000000000000e+00,3.200000000000000178e+00,2.799999999999999822e+00,0.000000000000000000e+00,1.000000000000000000e+00,5.999999999999999778e-01,0.000000000000000000e+00,0.000000000000000000e+00,4.000000000000000222e-01,6.799999999999999822e+00,0.000000000000000000e+00,9.199999999999999289e+00,0.000000000000000000e+00,5.000000000000000000e+00,0.000000000000000000e+00,2.000000000000000111e-01,0.000000000000000000e+00,4.000000000000000222e-01,2.000000000000000111e-01,4.400000000000000355e+00,0.000000000000000000e+00,2.000000000000000111e-01,0.000000000000000000e+00,1.860000000000000142e+01,4.400000000000000355e+00,0.000000000000000000e+00,0.000000000000000000e+00,4.000000000000000222e-01,0.000000000000000000e+00,5.999999999999999778e-01,5.999999999999999778e-01,0.000000000000000000e+00,0.000000000000000000e+00,1.000000000000000000e+00,2.600000000000000089e+00,0.000000000000000000e+00,5.000000000000000000e+00,2.780000000000000426e+01,5.599999999999999645e+00,1.980000000000000071e+01,1.399999999999999911e+00,1.860000000000000142e+01,0.000000000000000000e+00
2.000000000000000111e-01,3.199999999999999734e+00,0.000000000000000000e+00,0.000000000000000000e+00,2.000000000000000111e-01,0.000000000000000000e+00,0.000000000000000000e+00,2.000000000000000111e-01,5.000000000000000000e+00,2.000000000000000111e-01,5.000000000000000000e+00,0.000000000000000000e+00,0.000000000000000000e+00,0.000000000000000000e+00,0.000000000000000000e+00,0.000000000000000000e+00,0.000000000000000000e+00,0.000000000000000000e+00,9.199999999999999289e+00,0.000000000000000000e+00,0.000000000000000000e+00,0.000000000000000000e+00,3.200000000000000178e+00,0.000000000000000000e+00,0.000000000000000000e+00,0.000000000000000000e+00,0.000000000000000000e+00,0.000000000000000000e+00,2.000000000000000111e-01,0.000000000000000000e+00,0.000000000000000000e+00,3.200000000000000178e+00,0.000000000000000000e+00,0.000000000000000000e+00,0.000000000000000000e+00,0.000000000000000000e+00,0.000000000000000000e+00,1.199999999999999956e+00,0.000000000000000000e+00,9.199999999999999289e+00,0.000000000000000000e+00,0.000000000000000000e+00,0.000000000000000000e+00,0.000000000000000000e+00,0.000000000000000000e+00,0.000000000000000000e+00,1.199999999999999956e+00,0.000000000000000000e+00,0.000000000000000000e+00,0.000000000000000000e+00,0.000000000000000000e+00,0.000000000000000000e+00,0.000000000000000000e+00,0.000000000000000000e+00,0.000000000000000000e+00,0.000000000000000000e+00,0.000000000000000000e+00,0.000000000000000000e+00,2.000000000000000111e-01,0.000000000000000000e+00,0.000000000000000000e+00,0.000000000000000000e+00,0.000000000000000000e+00,0.000000000000000000e+00,0.000000000000000000e+00,0.000000000000000000e+00,0.000000000000000000e+00,0.000000000000000000e+00,0.000000000000000000e+00,0.000000000000000000e+00,0.000000000000000000e+00,0.000000000000000000e+00
0.000000000000000000e+00,0.000000000000000000e+00,0.000000000000000000e+00,0.000000000000000000e+00,8.000000000000000444e-01,0.000000000000000000e+00,0.000000000000000000e+00,0.000000000000000000e+00,1.000000000000000000e+00,0.000000000000000000e+00,1.000000000000000000e+00,0.000000000000000000e+00,0.000000000000000000e+00,0.000000000000000000e+00,0.000000000000000000e+00,0.000000000000000000e+00,4.000000000000000222e-01,0.000000000000000000e+00,0.000000000000000000e+00,0.000000000000000000e+00,0.000000000000000000e+00,0.000000000000000000e+00,0.000000000000000000e+00,0.000000000000000000e+00,0.000000000000000000e+00,0.000000000000000000e+00,0.000000000000000000e+00,0.000000000000000000e+00,0.000000000000000000e+00,0.000000000000000000e+00,0.000000000000000000e+00,0.000000000000000000e+00,0.000000000000000000e+00,0.000000000000000000e+00,0.000000000000000000e+00,0.000000000000000000e+00,0.000000000000000000e+00,4.000000000000000222e-01,0.000000000000000000e+00,3.000000000000000000e+00,0.000000000000000000e+00,2.000000000000000111e-01,0.000000000000000000e+00,0.000000000000000000e+00,2.000000000000000111e-01,0.000000000000000000e+00,4.000000000000000222e-01,0.000000000000000000e+00,4.200000000000000178e+00,0.000000000000000000e+00,0.000000000000000000e+00,0.000000000000000000e+00,0.000000000000000000e+00,0.000000000000000000e+00,0.000000000000000000e+00,0.000000000000000000e+00,0.000000000000000000e+00,0.000000000000000000e+00,0.000000000000000000e+00,2.000000000000000389e-01,0.000000000000000000e+00,0.000000000000000000e+00,0.000000000000000000e+00,0.000000000000000000e+00,0.000000000000000000e+00,8.000000000000000444e-01,0.000000000000000000e+00,8.000000000000000444e-01,0.000000000000000000e+00,0.000000000000000000e+00,0.000000000000000000e+00,0.000000000000000000e+00
0.000000000000000000e+00,1.999999999999999833e-01,1.580000000000000071e+01,5.539999999999999858e+01,3.860000000000000142e+01,2.000000000000000111e-01,0.000000000000000000e+00,2.000000000000000111e-01,5.000000000000000000e+00,2.000000000000000111e-01,5.000000000000000000e+00,4.000000000000000222e-01,1.660000000000000142e+01,1.199999999999999956e+00,1.399999999999999911e+00,0.000000000000000000e+00,4.400000000000000355e+00,0.000000000000000000e+00,0.000000000000000000e+00,0.000000000000000000e+00,9.200000000000000000e+01,0.000000000000000000e+00,4.000000000000000222e-01,0.000000000000000000e+00,0.000000000000000000e+00,3.119999999999999929e+01,9.800000000000000711e+00,9.200000000000000000e+01,2.019999999999999574e+01,0.000000000000000000e+00,2.200000000000000000e+01,4.000000000000000222e-01,0.000000000000000000e+00,0.000000000000000000e+00,0.000000000000000000e+00,0.000000000000000000e+00,5.200000000000000178e+00,2.019999999999999929e+01,2.399999999999999911e+00,4.000000000000000000e+00,0.000000000000000000e+00,0.000000000000000000e+00,7.200000000000000178e+00,0.000000000000000000e+00,1.200000000000000000e+01,5.200000000000000178e+00,2.019999999999999929e+01,7.000000000000000000e+00,7.800000000000000711e+00,2.200000000000000178e+00,2.539999999999999858e+01,5.760000000000000142e+01,1.960000000000000142e+01,2.939999999999999858e+01,0.000000000000000000e+00,0.000000000000000000e+00,2.200000000000000178e+00,7.079999999999999716e+01,4.260000000000000142e+01,3.239999999999999858e+01,0.000000000000000000e+00,0.000000000000000000e+00,0.000000000000000000e+00,0.000000000000000000e+00,2.200000000000000178e+00,1.540000000000000036e+01,2.060000000000000142e+01,1.619999999999999929e+01,1.519999999999999929e+01,1.780000000000000071e+01,1.960000000000000142e+01,0.000000000000000000e+00
3.799999999999999378e+00,2.980000000000000071e+01,2.260000000000000142e+01,3.100000000000000000e+01,1.500000000000000000e+01,4.720000000000000284e+01,3.000000000000000000e+00,1.380000000000000071e+01,2.419999999999999929e+01,1.380000000000000071e+01,2.419999999999999929e+01,4.000000000000000222e-01,1.600000000000000000e+01,1.800000000000000044e+00,1.359999999999999964e+01,5.400000000000000355e+00,1.340000000000000036e+01,2.000000000000000111e-01,1.680000000000000071e+01,5.400000000000000355e+00,1.360000000000000142e+01,2.339999999999999858e+01,3.320000000000000284e+01,8.400000000000000355e+00,2.200000000000000178e+00,1.519999999999999929e+01,3.700000000000000000e+01,1.359999999999999964e+01,1.380000000000000071e+01,0.000000000000000000e+00,1.600000000000000000e+01,3.320000000000000284e+01,2.000000000000000111e-01,1.000000000000000000e+00,1.680000000000000071e+01,0.000000000000000000e+00,1.199999999999999956e+00,1.259999999999999787e+01,3.260000000000000142e+01,1.819999999999999929e+01,1.080000000000000071e+01,5.999999999999999778e-01,4.560000000000000142e+01,3.000000000000000000e+00,3.139999999999999858e+01,1.199999999999999956e+00,1.259999999999999787e+01,1.152000000000000028e+02,2.000000000000000111e-01,8.000000000000000444e-01,1.960000000000000142e+01,1.040000000000000036e+01,1.019999999999999929e+01,1.240000000000000036e+01,8.000000000000001554e-01,2.399999999999999911e+00,5.779999999999999716e+01,4.279999999999999716e+01,7.340000000000000568e+01,1.500000000000000000e+01,8.000000000000000444e-01,5.120000000000000284e+01,1.100000000000000000e+01,1.600000000000000089e+00,8.000000000000000444e-01,3.799999999999999822e+00,1.600000000000000000e+01,7.000000000000000000e+00,1.200000000000000000e+01,6.200000000000000178e+00,1.019999999999999929e+01,4.200000000000000178e+00
7.000000000000000000e+00,0.000000000000000000e+00,2.000000000000000111e-01,1.800000000000000044e+00,4.000000000000000222e-01,0.000000000000000000e+00,4.000000000000000000e+00,0.000000000000000000e+00,0.000000000000000000e+00,0.000000000000000000e+00,0.000000000000000000e+00,4.200000000000000178e+00,1.000000000000000000e+00,2.399999999999999911e+00,2.000000000000000111e-01,7.799999999999999822e+00,0.000000000000000000e+00,1.559999999999999964e+01,0.000000000000000000e+00,7.799999999999998934e+00,4.000000000000000222e-01,5.799999999999999822e+00,0.000000000000000000e+00,2.300000000000000355e+01,1.380000000000000071e+01,1.399999999999999911e+00,4.000000000000000222e-01,4.000000000000000222e-01,0.000000000000000000e+00,4.799999999999999822e+00,1.800000000000000044e+00,0.000000000000000000e+00,7.599999999999998757e+00,0.000000000000000000e+00,0.000000000000000000e+00,0.000000000000000000e+00,1.800000000000000044e+00,1.199999999999999956e+00,0.000000000000000000e+00,0.000000000000000000e+00,1.000000000000000000e+00,5.999999999999999778e-01,4.000000000000000222e-01,4.200000000000000178e+00,8.199999999999997513e+00,1.800000000000000044e+00,1.199999999999999956e+00,3.200000000000000178e+00,0.000000000000000000e+00,3.799999999999999822e+00,0.000000000000000000e+00,0.000000000000000000e+00,4.000000000000000222e-01,2.000000000000000000e+00,1.200000000000000000e+01,1.199999999999999956e+00,0.000000000000000000e+00,8.000000000000000444e-01,1.800000000000000044e+00,0.000000000000000000e+00,1.219999999999999929e+01,5.999999999999999778e-01,4.000000000000000222e-01,2.000000000000000111e-01,3.799999999999999822e+00,2.799999999999999822e+00,1.000000000000000000e+00,8.000000000000000444e-01,2.000000000000000111e-01,3.600000000000000089e+00,4.000000000000000222e-01,3.400000000000000355e+00
0.000000000000000000e+00,0.000000000000000000e+00,0.000000000000000000e+00,0.000000000000000000e+00,0.000000000000000000e+00,0.000000000000000000e+00,2.000000000000000111e-01,0.000000000000000000e+00,0.000000000000000000e+00,0.000000000000000000e+00,0.000000000000000000e+00,0.000000000000000000e+00,0.000000000000000000e+00,0.000000000000000000e+00,0.000000000000000000e+00,0.000000000000000000e+00,0.000000000000000000e+00,0.000000000000000000e+00,0.000000000000000000e+00,0.000000000000000000e+00,0.000000000000000000e+00,2.000000000000000389e-01,0.000000000000000000e+00,2.000000000000000111e-01,2.000000000000000111e-01,0.000000000000000000e+00,0.000000000000000000e+00,0.000000000000000000e+00,0.000000000000000000e+00,4.000000000000000222e-01,0.000000000000000000e+00,0.000000000000000000e+00,0.000000000000000000e+00,0.000000000000000000e+00,2.000000000000000111e-01,0.000000000000000000e+00,0.000000000000000000e+00,0.000000000000000000e+00,0.000000000000000000e+00,0.000000000000000000e+00,0.000000000000000000e+00,0.000000000000000000e+00,0.000000000000000000e+00,0.000000000000000000e+00,5.999999999999999778e-01,0.000000000000000000e+00,0.000000000000000000e+00,1.399999999999999911e+00,0.000000000000000000e+00,4.000000000000000222e-01,0.000000000000000000e+00,0.000000000000000000e+00,0.000000000000000000e+00,0.000000000000000000e+00,2.000000000000000389e-01,0.000000000000000000e+00,0.000000000000000000e+00,0.000000000000000000e+00,0.000000000000000000e+00,0.000000000000000000e+00,2.000000000000000111e-01,0.000000000000000000e+00,0.000000000000000000e+00,0.000000000000000000e+00,4.000000000000000222e-01,0.000000000000000000e+00,2.000000000000000111e-01,0.000000000000000000e+00,0.000000000000000000e+00,2.000000000000000111e-01,0.000000000000000000e+00,0.000000000000000000e+00
5.999999999999999778e-01,0.000000000000000000e+00,0.000000000000000000e+00,0.000000000000000000e+00,0.000000000000000000e+00,0.000000000000000000e+00,0.000000000000000000e+00,0.000000000000000000e+00,0.000000000000000000e+00,0.000000000000000000e+00,0.000000000000000000e+00,0.000000000000000000e+00,0.000000000000000000e+00,0.000000000000000000e+00,0.000000000000000000e+00,0.000000000000000000e+00,0.000000000000000000e+00,0.000000000000000000e+00,0.000000000000000000e+00,0.000000000000000000e+00,2.000000000000000111e-01,0.000000000000000000e+00,0.000000000000000000e+00,0.000000000000000000e+00,0.000000000000000000e+00,0.000000000000000000e+00,0.000000000000000000e+00,2.000000000000000111e-01,0.000000000000000000e+00,0.000000000000000000e+00,0.000000000000000000e+00,0.000000000000000000e+00,0.000000000000000000e+00,0.000000000000000000e+00,0.000000000000000000e+00,0.000000000000000000e+00,0.000000000000000000e+00,0.000000000000000000e+00,0.000000000000000000e+00,0.000000000000000000e+00,0.000000000000000000e+00,2.000000000000000111e-01,0.000000000000000000e+00,0.000000000000000000e+00,0.000000000000000000e+00,0.000000000000000000e+00,0.000000000000000000e+00,0.000000000000000000e+00,0.000000000000000000e+00,0.000000000000000000e+00,0.000000000000000000e+00,0.000000000000000000e+00,0.000000000000000000e+00,0.000000000000000000e+00,0.000000000000000000e+00,1.000000000000000000e+00,0.000000000000000000e+00,0.000000000000000000e+00,0.000000000000000000e+00,0.000000000000000000e+00,0.000000000000000000e+00,2.000000000000000111e-01,2.000000000000000111e-01,2.000000000000000111e-01,0.000000000000000000e+00,0.000000000000000000e+00,0.000000000000000000e+00,0.000000000000000000e+00,0.000000000000000000e+00,0.000000000000000000e+00,0.000000000000000000e+00,1.999999999999999833e-01
0.000000000000000000e+00,0.000000000000000000e+00,0.000000000000000000e+00,0.000000000000000000e+00,0.000000000000000000e+00,0.000000000000000000e+00,0.000000000000000000e+00,0.000000000000000000e+00,0.000000000000000000e+00,0.000000000000000000e+00,0.000000000000000000e+00,0.000000000000000000e+00,0.000000000000000000e+00,0.000000000000000000e+00,0.000000000000000000e+00,0.000000000000000000e+00,0.000000000000000000e+00,0.000000000000000000e+00,0.000000000000000000e+00,0.000000000000000000e+00,0.000000000000000000e+00,2.000000000000000389e-01,0.000000000000000000e+00,0.000000000000000000e+00,0.000000000000000000e+00,0.000000000000000000e+00,0.000000000000000000e+00,0.000000000000000000e+00,0.000000000000000000e+00,0.000000000000000000e+00,0.000000000000000000e+00,0.000000000000000000e+00,0.000000000000000000e+00,0.000000000000000000e+00,0.000000000000000000e+00,0.000000000000000000e+00,0.000000000000000000e+00,0.000000000000000000e+00,0.000000000000000000e+00,0.000000000000000000e+00,0.000000000000000000e+00,0.000000000000000000e+00,0.000000000000000000e+00,0.000000000000000000e+00,0.000000000000000000e+00,0.000000000000000000e+00,0.000000000000000000e+00,0.000000000000000000e+00,0.000000000000000000e+00,0.000000000000000000e+00,0.000000000000000000e+00,0.000000000000000000e+00,0.000000000000000000e+00,0.000000000000000000e+00,0.000000000000000000e+00,0.000000000000000000e+00,0.000000000000000000e+00,0.000000000000000000e+00,0.000000000000000000e+00,0.000000000000000000e+00,0.000000000000000000e+00,0.000000000000000000e+00,0.000000000000000000e+00,0.000000000000000000e+00,0.000000000000000000e+00,0.000000000000000000e+00,0.000000000000000000e+00,0.000000000000000000e+00,0.000000000000000000e+00,0.000000000000000000e+00,0.000000000000000000e+00,0.000000000000000000e+00
0.000000000000000000e+00,0.000000000000000000e+00,0.000000000000000000e+00,0.000000000000000000e+00,0.000000000000000000e+00,0.000000000000000000e+00,0.000000000000000000e+00,0.000000000000000000e+00,0.000000000000000000e+00,0.000000000000000000e+00,0.000000000000000000e+00,0.000000000000000000e+00,0.000000000000000000e+00,0.000000000000000000e+00,0.000000000000000000e+00,0.000000000000000000e+00,0.000000000000000000e+00,0.000000000000000000e+00,0.000000000000000000e+00,0.000000000000000000e+00,0.000000000000000000e+00,2.000000000000000389e-01,0.000000000000000000e+00,0.000000000000000000e+00,0.000000000000000000e+00,0.000000000000000000e+00,0.000000000000000000e+00,0.000000000000000000e+00,0.000000000000000000e+00,0.000000000000000000e+00,0.000000000000000000e+00,0.000000000000000000e+00,0.000000000000000000e+00,0.000000000000000000e+00,0.000000000000000000e+00,0.000000000000000000e+00,0.000000000000000000e+00,0.000000000000000000e+00,0.000000000000000000e+00,0.000000000000000000e+00,0.000000000000000000e+00,0.000000000000000000e+00,0.000000000000000000e+00,0.000000000000000000e+00,0.000000000000000000e+00,0.000000000000000000e+00,0.000000000000000000e+00,0.000000000000000000e+00,0.000000000000000000e+00,0.000000000000000000e+00,0.000000000000000000e+00,0.000000000000000000e+00,0.000000000000000000e+00,0.000000000000000000e+00,0.000000000000000000e+00,0.000000000000000000e+00,0.000000000000000000e+00,0.000000000000000000e+00,0.000000000000000000e+00,0.000000000000000000e+00,0.000000000000000000e+00,0.000000000000000000e+00,0.000000000000000000e+00,0.000000000000000000e+00,0.000000000000000000e+00,0.000000000000000000e+00,0.000000000000000000e+00,0.000000000000000000e+00,0.000000000000000000e+00,0.000000000000000000e+00,0.000000000000000000e+00,0.000000000000000000e+00
0.000000000000000000e+00,0.000000000000000000e+00,0.000000000000000000e+00,0.000000000000000000e+00,0.000000000000000000e+00,0.000000000000000000e+00,0.000000000000000000e+00,0.000000000000000000e+00,0.000000000000000000e+00,0.000000000000000000e+00,0.000000000000000000e+00,0.000000000000000000e+00,0.000000000000000000e+00,0.000000000000000000e+00,0.000000000000000000e+00,0.000000000000000000e+00,0.000000000000000000e+00,0.000000000000000000e+00,0.000000000000000000e+00,0.000000000000000000e+00,0.000000000000000000e+00,0.000000000000000000e+00,0.000000000000000000e+00,0.000000000000000000e+00,0.000000000000000000e+00,0.000000000000000000e+00,0.000000000000000000e+00,0.000000000000000000e+00,0.000000000000000000e+00,0.000000000000000000e+00,0.000000000000000000e+00,0.000000000000000000e+00,0.000000000000000000e+00,0.000000000000000000e+00,0.000000000000000000e+00,0.000000000000000000e+00,0.000000000000000000e+00,0.000000000000000000e+00,0.000000000000000000e+00,0.000000000000000000e+00,0.000000000000000000e+00,0.000000000000000000e+00,0.000000000000000000e+00,0.000000000000000000e+00,5.999999999999999778e-01,0.000000000000000000e+00,0.000000000000000000e+00,0.000000000000000000e+00,4.000000000000000222e-01,0.000000000000000000e+00,0.000000000000000000e+00,0.000000000000000000e+00,4.000000000000000222e-01,0.000000000000000000e+00,0.000000000000000000e+00,0.000000000000000000e+00,0.000000000000000000e+00,0.000000000000000000e+00,0.000000000000000000e+00,0.000000000000000000e+00,0.000000000000000000e+00,0.000000000000000000e+00,0.000000000000000000e+00,0.000000000000000000e+00,0.000000000000000000e+00,0.000000000000000000e+00,0.000000000000000000e+00,0.000000000000000000e+00,0.000000000000000000e+00,0.000000000000000000e+00,4.000000000000000222e-01,0.000000000000000000e+00
0.000000000000000000e+00,0.000000000000000000e+00,1.600000000000000089e+00,0.000000000000000000e+00,3.600000000000000089e+00,0.000000000000000000e+00,0.000000000000000000e+00,5.999999999999999778e-01,0.000000000000000000e+00,5.999999999999999778e-01,0.000000000000000000e+00,0.000000000000000000e+00,1.199999999999999956e+00,0.000000000000000000e+00,0.000000000000000000e+00,0.000000000000000000e+00,2.000000000000000000e+00,0.000000000000000000e+00,0.000000000000000000e+00,0.000000000000000000e+00,0.000000000000000000e+00,0.000000000000000000e+00,0.000000000000000000e+00,0.000000000000000000e+00,0.000000000000000000e+00,0.000000000000000000e+00,0.000000000000000000e+00,0.000000000000000000e+00,8.000000000000000000e+00,0.000000000000000000e+00,2.000000000000000111e-01,0.000000000000000000e+00,0.000000000000000000e+00,0.000000000000000000e+00,0.000000000000000000e+00,0.000000000000000000e+00,0.000000000000000000e+00,0.000000000000000000e+00,0.000000000000000000e+00,1.199999999999999956e+00,0.000000000000000000e+00,0.000000000000000000e+00,0.000000000000000000e+00,0.000000000000000000e+00,0.000000000000000000e+00,0.000000000000000000e+00,0.000000000000000000e+00,0.000000000000000000e+00,0.000000000000000000e+00,0.000000000000000000e+00,0.000000000000000000e+00,0.000000000000000000e+00,2.200000000000000178e+00,1.600000000000000089e+00,0.000000000000000000e+00,0.000000000000000000e+00,0.000000000000000000e+00,0.000000000000000000e+00,0.000000000000000000e+00,4.200000000000000178e+00,0.000000000000000000e+00,0.000000000000000000e+00,0.000000000000000000e+00,0.000000000000000000e+00,0.000000000000000000e+00,2.399999999999999911e+00,0.000000000000000000e+00,2.399999999999999911e+00,0.000000000000000000e+00,0.000000000000000000e+00,2.200000000000000178e+00,0.000000000000000000e+00
8.800000000000000711e+00,0.000000000000000000e+00,2.000000000000000111e-01,0.000000000000000000e+00,0.000000000000000000e+00,1.019999999999999929e+01,6.000000000000000000e+00,1.199999999999999956e+00,0.000000000000000000e+00,1.199999999999999956e+00,0.000000000000000000e+00,7.200000000000000178e+00,2.000000000000000111e-01,5.000000000000000000e+00,0.000000000000000000e+00,3.399999999999999911e+00,1.000000000000000000e+00,4.599999999999999645e+00,4.000000000000000222e-01,3.399999999999999911e+00,0.000000000000000000e+00,5.200000000000000178e+00,0.000000000000000000e+00,4.599999999999999645e+00,4.599999999999999645e+00,0.000000000000000000e+00,0.000000000000000000e+00,0.000000000000000000e+00,0.000000000000000000e+00,0.000000000000000000e+00,0.000000000000000000e+00,0.000000000000000000e+00,0.000000000000000000e+00,0.000000000000000000e+00,0.000000000000000000e+00,0.000000000000000000e+00,4.400000000000000355e+00,0.000000000000000000e+00,2.000000000000000111e-01,0.000000000000000000e+00,0.000000000000000000e+00,4.400000000000000355e+00,0.000000000000000000e+00,1.199999999999999956e+00,0.000000000000000000e+00,4.400000000000000355e+00,0.000000000000000000e+00,0.000000000000000000e+00,0.000000000000000000e+00,3.600000000000000089e+00,0.000000000000000000e+00,0.000000000000000000e+00,0.000000000000000000e+00,4.000000000000000222e-01,3.399999999999999911e+00,2.399999999999999911e+00,0.000000000000000000e+00,0.000000000000000000e+00,0.000000000000000000e+00,4.000000000000000777e-01,1.600000000000000089e+00,0.000000000000000000e+00,0.000000000000000000e+00,1.399999999999999911e+00,3.600000000000000089e+00,2.000000000000000111e-01,0.000000000000000000e+00,5.999999999999999778e-01,0.000000000000000000e+00,0.000000000000000000e+00,0.000000000000000000e+00,1.279999999999999893e+01
1.460000000000000142e+01,1.780000000000000071e+01,3.600000000000000089e+00,5.599999999999999645e+00,5.999999999999999778e-01,1.760000000000000142e+01,1.700000000000000000e+01,1.140000000000000036e+01,1.200000000000000000e+01,1.140000000000000036e+01,1.200000000000000000e+01,6.000000000000000000e+00,3.200000000000000178e+00,6.400000000000000355e+00,1.000000000000000000e+00,9.400000000000000355e+00,6.400000000000000355e+00,4.200000000000000178e+00,1.300000000000000000e+01,9.400000000000000355e+00,1.140000000000000036e+01,8.400000000000000355e+00,1.000000000000000000e+01,6.799999999999999822e+00,4.599999999999999645e+00,1.359999999999999964e+01,9.400000000000000355e+00,1.140000000000000036e+01,4.000000000000000222e-01,1.140000000000000036e+01,5.999999999999999778e-01,1.000000000000000000e+01,5.000000000000000000e+00,2.000000000000000000e+00,3.399999999999999911e+00,0.000000000000000000e+00,4.200000000000000178e+00,6.799999999999999822e+00,2.560000000000000142e+01,1.240000000000000036e+01,2.799999999999999822e+00,2.000000000000000000e+00,5.200000000000000178e+00,7.200000000000000178e+00,6.799999999999999822e+00,4.200000000000000178e+00,6.799999999999999822e+00,1.199999999999999956e+00,0.000000000000000000e+00,6.799999999999999822e+00,5.599999999999999645e+00,6.400000000000000355e+00,4.599999999999999645e+00,7.400000000000001243e+00,8.000000000000000000e+00,4.599999999999999645e+00,1.140000000000000036e+01,1.580000000000000071e+01,6.400000000000000355e+00,3.799999999999999822e+00,8.800000000000000711e+00,2.799999999999999822e+00,1.000000000000000000e+00,6.000000000000000000e+00,6.799999999999999822e+00,4.000000000000000000e+00,5.000000000000000000e+00,1.399999999999999911e+00,0.000000000000000000e+00,4.000000000000000222e-01,4.599999999999999645e+00,9.800000000000000711e+00
6.000000000000000000e+01,8.220000000000000284e+01,2.380000000000000071e+01,4.799999999999999822e+00,1.100000000000000000e+02,1.210000000000000000e+02,1.420000000000000000e+02,8.000000000000000000e+00,1.800000000000000044e+00,8.000000000000000000e+00,1.800000000000000044e+00,9.720000000000000284e+01,8.199999999999997513e+00,3.220000000000000284e+01,0.000000000000000000e+00,1.080000000000000071e+01,8.800000000000000711e+00,0.000000000000000000e+00,7.000000000000000000e+00,1.080000000000000071e+01,1.800000000000000044e+00,9.000000000000000000e+00,3.079999999999999716e+01,2.600000000000000089e+00,4.400000000000000355e+00,2.000000000000000111e-01,1.399999999999999911e+00,1.800000000000000044e+00,2.399999999999999911e+00,6.400000000000000355e+00,9.240000000000000568e+01,3.080000000000000071e+01,8.000000000000000444e-01,3.000000000000000000e+01,3.160000000000000142e+01,0.000000000000000000e+00,1.080000000000000071e+01,1.480000000000000071e+01,2.080000000000000071e+01,5.200000000000000178e+00,5.239999999999999858e+01,3.279999999999999716e+01,5.760000000000000142e+01,5.000000000000000888e+00,6.599999999999999645e+00,1.080000000000000071e+01,1.480000000000000249e+01,1.199999999999999956e+00,1.399999999999999911e+00,1.319999999999999929e+01,6.200000000000000178e+00,6.599999999999999645e+00,1.880000000000000071e+01,3.139999999999999858e+01,1.000000000000000000e+01,3.080000000000000071e+01,1.500000000000000000e+01,3.400000000000000355e+00,4.400000000000000355e+00,2.600000000000000533e+00,9.000000000000000000e+00,5.799999999999999822e+00,3.080000000000000071e+01,1.499999999999999822e+01,1.319999999999999929e+01,5.100000000000000000e+01,4.020000000000000284e+01,2.919999999999999929e+01,6.020000000000000284e+01,2.839999999999999858e+01,1.880000000000000071e+01,1.668000000000000114e+02
3.399999999999999911e+00,5.999999999999999778e-01,3.080000000000000071e+01,3.439999999999999858e+01,6.700000000000000000e+01,7.200000000000000178e+00,3.020000000000000284e+01,4.000000000000000222e-01,1.800000000000000044e+00,4.000000000000000222e-01,1.800000000000000044e+00,5.160000000000000142e+01,2.019999999999999929e+01,4.906000000000000227e+02,0.000000000000000000e+00,1.680000000000000000e+02,0.000000000000000000e+00,1.600000000000000089e+00,3.200000000000000178e+00,1.680000000000000000e+02,2.000000000000000000e+01,1.242000000000000171e+02,2.399999999999999911e+00,1.519999999999999929e+01,5.000000000000000000e+00,7.400000000000000355e+00,8.199999999999997513e+00,2.000000000000000000e+01,8.000000000000000444e-01,5.799999999999999822e+00,9.059999999999999432e+01,2.399999999999999911e+00,1.800000000000000044e+00,1.739999999999999503e+01,3.920000000000000284e+01,0.000000000000000000e+00,7.340000000000000568e+01,2.000000000000000111e-01,2.300000000000000000e+01,2.000000000000000111e-01,4.599999999999999645e+00,6.459999999999999432e+01,4.139999999999999858e+01,7.540000000000000568e+01,1.040000000000000036e+01,7.340000000000000568e+01,2.000000000000000111e-01,3.399999999999999911e+00,3.600000000000000089e+00,6.379999999999999716e+01,4.920000000000000284e+01,4.500000000000000000e+01,2.339999999999999858e+01,8.600000000000000000e+01,7.740000000000000568e+01,8.000000000000000444e-01,3.200000000000000178e+00,1.040000000000000036e+01,2.219999999999999929e+01,6.200000000000000178e+00,2.739999999999999858e+01,1.480000000000000071e+01,2.839999999999999858e+01,4.400000000000000355e+00,6.379999999999999005e+01,1.380000000000000071e+01,1.335999999999999943e+02,1.200000000000000000e+01,2.085999999999999943e+02,8.740000000000000568e+01,2.339999999999999858e+01,7.599999999999999645e+00
2.979999999999999716e+01,9.340000000000000568e+01,1.019999999999999929e+01,3.860000000000000142e+01,2.219999999999999929e+01,2.080000000000000071e+01,5.799999999999999822e+00,5.320000000000000284e+01,1.780000000000000071e+01,5.320000000000000284e+01,1.780000000000000071e+01,3.039999999999999858e+01,0.000000000000000000e+00,1.127999999999999972e+02,9.199999999999999289e+00,1.119999999999999929e+01,3.399999999999999911e+00,6.440000000000001990e+01,1.839999999999999858e+01,1.119999999999999929e+01,1.219999999999999929e+01,4.800000000000000000e+01,1.072000000000000028e+02,4.179999999999999716e+01,6.200000000000000711e+01,4.820000000000000284e+01,4.560000000000000142e+01,1.219999999999999929e+01,7.200000000000000178e+00,8.059999999999998010e+01,7.799999999999999822e+00,1.072000000000000028e+02,1.074000000000000057e+02,2.439999999999999858e+01,3.139999999999999858e+01,0.000000000000000000e+00,9.320000000000000284e+01,1.159999999999999964e+01,6.500000000000000000e+01,1.059999999999999964e+01,1.145999999999999943e+02,9.100000000000001421e+01,7.799999999999999822e+00,2.200000000000000178e+00,5.860000000000000853e+01,9.320000000000000284e+01,1.159999999999999964e+01,8.120000000000000284e+01,0.000000000000000000e+00,6.320000000000000284e+01,4.700000000000000000e+01,1.739999999999999503e+01,0.000000000000000000e+00,1.300000000000000178e+01,1.575999999999999943e+02,1.540000000000000036e+01,1.540000000000000000e+02,2.519999999999999929e+01,6.579999999999999716e+01,1.519999999999999929e+01,4.139999999999999858e+01,5.600000000000000000e+01,6.379999999999999716e+01,8.599999999999997868e+00,6.319999999999999574e+01,4.000000000000000222e-01,3.180000000000000071e+01,1.199999999999999956e+00,2.239999999999999858e+01,1.400000000000000000e+01,0.000000000000000000e+00,1.819999999999999929e+01
8.000000000000000444e-01,2.399999999999999911e+00,1.800000000000000044e+00,1.159999999999999964e+01,2.000000000000000111e-01,7.400000000000000355e+00,2.000000000000000000e+00,1.019999999999999929e+01,2.799999999999999822e+00,1.019999999999999929e+01,2.799999999999999822e+00,2.000000000000000111e-01,0.000000000000000000e+00,4.000000000000000000e+00,1.980000000000000071e+01,2.000000000000000111e-01,0.000000000000000000e+00,3.799999999999999822e+00,5.599999999999999645e+00,2.000000000000000111e-01,6.800000000000000711e+00,1.600000000000000311e+00,7.800000000000000711e+00,2.600000000000000089e+00,1.340000000000000036e+01,1.660000000000000142e+01,1.459999999999999964e+01,6.799999999999999822e+00,1.199999999999999956e+00,3.200000000000000178e+00,2.200000000000000178e+00,7.799999999999999822e+00,2.539999999999999858e+01,2.600000000000000089e+00,7.799999999999999822e+00,0.000000000000000000e+00,1.000000000000000000e+00,0.000000000000000000e+00,5.999999999999999778e-01,2.000000000000000111e-01,8.400000000000000355e+00,2.600000000000000089e+00,1.800000000000000044e+00,2.000000000000000111e-01,8.000000000000000000e+00,1.000000000000000000e+00,0.000000000000000000e+00,1.619999999999999929e+01,0.000000000000000000e+00,2.000000000000000111e-01,7.200000000000001066e+00,2.200000000000000178e+00,0.000000000000000000e+00,2.000000000000000000e+00,0.000000000000000000e+00,4.000000000000000000e+00,2.799999999999999822e+00,9.199999999999999289e+00,3.500000000000000000e+01,2.399999999999999911e+00,4.200000000000000178e+00,1.040000000000000036e+01,2.000000000000000000e+00,2.600000000000000089e+00,2.000000000000000111e-01,0.000000000000000000e+00,0.000000000000000000e+00,0.000000000000000000e+00,3.600000000000000089e+00,0.000000000000000000e+00,0.000000000000000000e+00,0.000000000000000000e+00
4.000000000000000222e-01,1.220000000000000107e+01,2.000000000000000111e-01,0.000000000000000000e+00,7.599999999999999645e+00,0.000000000000000000e+00,0.000000000000000000e+00,2.000000000000000111e-01,0.000000000000000000e+00,2.000000000000000111e-01,0.000000000000000000e+00,0.000000000000000000e+00,4.000000000000000222e-01,0.000000000000000000e+00,0.000000000000000000e+00,2.000000000000000111e-01,1.440000000000000036e+01,1.000000000000000000e+00,0.000000000000000000e+00,2.000000000000000111e-01,4.000000000000000222e-01,0.000000000000000000e+00,2.000000000000000111e-01,2.000000000000000111e-01,0.000000000000000000e+00,0.000000000000000000e+00,4.000000000000000222e-01,4.000000000000000222e-01,5.200000000000000178e+00,0.000000000000000000e+00,3.000000000000000000e+00,2.000000000000000111e-01,2.000000000000000111e-01,4.000000000000000222e-01,2.000000000000000111e-01,0.000000000000000000e+00,2.000000000000000111e-01,7.400000000000000355e+00,2.399999999999999911e+00,0.000000000000000000e+00,0.000000000000000000e+00,2.000000000000000111e-01,2.000000000000000111e-01,0.000000000000000000e+00,5.999999999999999778e-01,2.000000000000000111e-01,7.400000000000001243e+00,1.000000000000000000e+00,5.400000000000000000e+01,2.000000000000000111e-01,0.000000000000000000e+00,0.000000000000000000e+00,2.000000000000000111e-01,0.000000000000000000e+00,0.000000000000000000e+00,2.000000000000000111e-01,1.399999999999999911e+00,1.800000000000000044e+00,2.000000000000000111e-01,4.799999999999999822e+00,2.000000000000000111e-01,2.000000000000000111e-01,5.999999999999999778e-01,8.000000000000000444e-01,2.000000000000000111e-01,4.000000000000000222e-01,2.000000000000000000e+00,5.999999999999999778e-01,2.000000000000000111e-01,0.000000000000000000e+00,2.000000000000000111e-01,0.000000000000000000e+00
2.000000000000000111e-01,0.000000000000000000e+00,5.999999999999999778e-01,1.000000000000000000e+00,0.000000000000000000e+00,0.000000000000000000e+00,0.000000000000000000e+00,6.200000000000000178e+00,0.000000000000000000e+00,6.199999999999999289e+00,0.000000000000000000e+00,0.000000000000000000e+00,2.600000000000000089e+00,1.600000000000000089e+00,4.000000000000000000e+00,0.000000000000000000e+00,0.000000000000000000e+00,0.000000000000000000e+00,1.800000000000000044e+00,0.000000000000000000e+00,0.000000000000000000e+00,0.000000000000000000e+00,0.000000000000000000e+00,0.000000000000000000e+00,0.000000000000000000e+00,0.000000000000000000e+00,0.000000000000000000e+00,0.000000000000000000e+00,0.000000000000000000e+00,0.000000000000000000e+00,0.000000000000000000e+00,0.000000000000000000e+00,2.600000000000000089e+00,0.000000000000000000e+00,0.000000000000000000e+00,0.000000000000000000e+00,2.600000000000000089e+00,1.319999999999999929e+01,2.000000000000000111e-01,2.000000000000000111e-01,0.000000000000000000e+00,0.000000000000000000e+00,0.000000000000000000e+00,0.000000000000000000e+00,5.999999999999999778e-01,2.600000000000000089e+00,1.319999999999999929e+01,4.000000000000000222e-01,2.200000000000000178e+00,0.000000000000000000e+00,5.999999999999999778e-01,0.000000000000000000e+00,4.000000000000000222e-01,0.000000000000000000e+00,0.000000000000000000e+00,1.199999999999999956e+00,0.000000000000000000e+00,0.000000000000000000e+00,1.600000000000000089e+00,8.000000000000001554e-01,0.000000000000000000e+00,0.000000000000000000e+00,2.000000000000000111e-01,2.000000000000000111e-01,0.000000000000000000e+00,0.000000000000000000e+00,2.600000000000000089e+00,0.000000000000000000e+00,1.000000000000000000e+00,0.000000000000000000e+00,4.000000000000000222e-01,0.000000000000000000e+00
0.000000000000000000e+00,0.000000000000000000e+00,0.000000000000000000e+00,2.000000000000000111e-01,0.000000000000000000e+00,0.000000000000000000e+00,0.000000000000000000e+00,0.000000000000000000e+00,0.000000000000000000e+00,0.000000000000000000e+00,0.000000000000000000e+00,0.000000000000000000e+00,0.000000000000000000e+00,0.000000000000000000e+00,0.000000000000000000e+00,0.000000000000000000e+00,0.000000000000000000e+00,8.000000000000000444e-01,0.000000000000000000e+00,0.000000000000000000e+00,2.000000000000000111e-01,0.000000000000000000e+00,0.000000000000000000e+00,0.000000000000000000e+00,0.000000000000000000e+00,3.000000000000000000e+00,9.199999999999999289e+00,2.000000000000000111e-01,0.000000000000000000e+00,2.799999999999999822e+00,0.000000000000000000e+00,0.000000000000000000e+00,3.600000000000000089e+00,0.000000000000000000e+00,0.000000000000000000e+00,0.000000000000000000e+00,0.000000000000000000e+00,0.000000000000000000e+00,0.000000000000000000e+00,2.000000000000000111e-01,0.000000000000000000e+00,0.000000000000000000e+00,0.000000000000000000e+00,0.000000000000000000e+00,5.799999999999999822e+00,0.000000000000000000e+00,0.000000000000000000e+00,1.459999999999999964e+01,0.000000000000000000e+00,0.000000000000000000e+00,1.000000000000000000e+00,1.000000000000000000e+00,0.000000000000000000e+00,0.000000000000000000e+00,0.000000000000000000e+00,0.000000000000000000e+00,0.000000000000000000e+00,1.700000000000000000e+01,1.199999999999999956e+00,0.000000000000000000e+00,0.000000000000000000e+00,3.000000000000000000e+00,0.000000000000000000e+00,0.000000000000000000e+00,0.000000000000000000e+00,0.000000000000000000e+00,0.000000000000000000e+00,0.000000000000000000e+00,0.000000000000000000e+00,0.000000000000000000e+00,0.000000000000000000e+00,0.000000000000000000e+00
2.000000000000000111e-01,0.000000000000000000e+00,2.000000000000000111e-01,5.999999999999999778e-01,0.000000000000000000e+00,0.000000000000000000e+00,0.000000000000000000e+00,0.000000000000000000e+00,0.000000000000000000e+00,0.000000000000000000e+00,0.000000000000000000e+00,0.000000000000000000e+00,0.000000000000000000e+00,0.000000000000000000e+00,0.000000000000000000e+00,0.000000000000000000e+00,0.000000000000000000e+00,0.000000000000000000e+00,0.000000000000000000e+00,0.000000000000000000e+00,4.000000000000000222e-01,2.000000000000000389e-01,0.000000000000000000e+00,0.000000000000000000e+00,8.000000000000000444e-01,1.199999999999999956e+00,2.000000000000000000e+00,4.000000000000000222e-01,2.000000000000000111e-01,0.000000000000000000e+00,0.000000000000000000e+00,0.000000000000000000e+00,0.000000000000000000e+00,0.000000000000000000e+00,0.000000000000000000e+00,0.000000000000000000e+00,0.000000000000000000e+00,0.000000000000000000e+00,0.000000000000000000e+00,2.000000000000000111e-01,0.000000000000000000e+00,0.000000000000000000e+00,0.000000000000000000e+00,0.000000000000000000e+00,3.799999999999999378e+00,0.000000000000000000e+00,0.000000000000000000e+00,5.999999999999999778e-01,0.000000000000000000e+00,0.000000000000000000e+00,4.000000000000000222e-01,1.000000000000000000e+00,0.000000000000000000e+00,0.000000000000000000e+00,0.000000000000000000e+00,0.000000000000000000e+00,0.000000000000000000e+00,0.000000000000000000e+00,5.999999999999999778e-01,0.000000000000000000e+00,0.000000000000000000e+00,4.599999999999999645e+00,0.000000000000000000e+00,0.000000000000000000e+00,0.000000000000000000e+00,0.000000000000000000e+00,0.000000000000000000e+00,0.000000000000000000e+00,0.000000000000000000e+00,0.000000000000000000e+00,0.000000000000000000e+00,0.000000000000000000e+00
0.000000000000000000e+00,1.999999999999999833e-01,0.000000000000000000e+00,0.000000000000000000e+00,0.000000000000000000e+00,0.000000000000000000e+00,0.000000000000000000e+00,0.000000000000000000e+00,0.000000000000000000e+00,0.000000000000000000e+00,0.000000000000000000e+00,0.000000000000000000e+00,0.000000000000000000e+00,0.000000000000000000e+00,0.000000000000000000e+00,0.000000000000000000e+00,0.000000000000000000e+00,0.000000000000000000e+00,0.000000000000000000e+00,0.000000000000000000e+00,0.000000000000000000e+00,2.000000000000000389e-01,0.000000000000000000e+00,0.000000000000000000e+00,0.000000000000000000e+00,0.000000000000000000e+00,0.000000000000000000e+00,0.000000000000000000e+00,0.000000000000000000e+00,0.000000000000000000e+00,0.000000000000000000e+00,0.000000000000000000e+00,0.000000000000000000e+00,0.000000000000000000e+00,0.000000000000000000e+00,0.000000000000000000e+00,0.000000000000000000e+00,0.000000000000000000e+00,0.000000000000000000e+00,2.000000000000000111e-01,0.000000000000000000e+00,0.000000000000000000e+00,0.000000000000000000e+00,0.000000000000000000e+00,0.000000000000000000e+00,0.000000000000000000e+00,0.000000000000000000e+00,0.000000000000000000e+00,0.000000000000000000e+00,0.000000000000000000e+00,0.000000000000000000e+00,2.000000000000000111e-01,0.000000000000000000e+00,0.000000000000000000e+00,0.000000000000000000e+00,0.000000000000000000e+00,0.000000000000000000e+00,0.000000000000000000e+00,0.000000000000000000e+00,0.000000000000000000e+00,0.000000000000000000e+00,0.000000000000000000e+00,0.000000000000000000e+00,0.000000000000000000e+00,0.000000000000000000e+00,0.000000000000000000e+00,0.000000000000000000e+00,0.000000000000000000e+00,0.000000000000000000e+00,0.000000000000000000e+00,0.000000000000000000e+00,3.199999999999999734e+00
2.000000000000000111e-01,0.000000000000000000e+00,0.000000000000000000e+00,0.000000000000000000e+00,0.000000000000000000e+00,0.000000000000000000e+00,0.000000000000000000e+00,0.000000000000000000e+00,0.000000000000000000e+00,0.000000000000000000e+00,0.000000000000000000e+00,0.000000000000000000e+00,0.000000000000000000e+00,0.000000000000000000e+00,0.000000000000000000e+00,0.000000000000000000e+00,0.000000000000000000e+00,0.000000000000000000e+00,0.000000000000000000e+00,0.000000000000000000e+00,0.000000000000000000e+00,0.000000000000000000e+00,0.000000000000000000e+00,0.000000000000000000e+00,0.000000000000000000e+00,0.000000000000000000e+00,0.000000000000000000e+00,0.000000000000000000e+00,0.000000000000000000e+00,0.000000000000000000e+00,0.000000000000000000e+00,0.000000000000000000e+00,0.000000000000000000e+00,0.000000000000000000e+00,0.000000000000000000e+00,0.000000000000000000e+00,0.000000000000000000e+00,0.000000000000000000e+00,0.000000000000000000e+00,0.000000000000000000e+00,0.000000000000000000e+00,0.000000000000000000e+00,0.000000000000000000e+00,0.000000000000000000e+00,2.000000000000000111e-01,0.000000000000000000e+00,0.000000000000000000e+00,2.000000000000000111e-01,0.000000000000000000e+00,0.000000000000000000e+00,0.000000000000000000e+00,0.000000000000000000e+00,0.000000000000000000e+00,0.000000000000000000e+00,0.000000000000000000e+00,0.000000000000000000e+00,0.000000000000000000e+00,0.000000000000000000e+00,0.000000000000000000e+00,0.000000000000000000e+00,0.000000000000000000e+00,2.000000000000000111e-01,0.000000000000000000e+00,0.000000000000000000e+00,0.000000000000000000e+00,0.000000000000000000e+00,0.000000000000000000e+00,0.000000000000000000e+00,0.000000000000000000e+00,0.000000000000000000e+00,0.000000000000000000e+00,4.000000000000000000e+00
0.000000000000000000e+00,0.000000000000000000e+00,0.000000000000000000e+00,0.000000000000000000e+00,0.000000000000000000e+00,0.000000000000000000e+00,0.000000000000000000e+00,4.000000000000000222e-01,0.000000000000000000e+00,4.000000000000000222e-01,0.000000000000000000e+00,0.000000000000000000e+00,0.000000000000000000e+00,0.000000000000000000e+00,0.000000000000000000e+00,0.000000000000000000e+00,0.000000000000000000e+00,1.800000000000000044e+00,2.000000000000000111e-01,0.000000000000000000e+00,0.000000000000000000e+00,0.000000000000000000e+00,0.000000000000000000e+00,0.000000000000000000e+00,0.000000000000000000e+00,0.000000000000000000e+00,0.000000000000000000e+00,0.000000000000000000e+00,8.000000000000000444e-01,4.000000000000000000e+00,0.000000000000000000e+00,0.000000000000000000e+00,0.000000000000000000e+00,0.000000000000000000e+00,0.000000000000000000e+00,0.000000000000000000e+00,0.000000000000000000e+00,0.000000000000000000e+00,0.000000000000000000e+00,0.000000000000000000e+00,0.000000000000000000e+00,0.000000000000000000e+00,0.000000000000000000e+00,0.000000000000000000e+00,0.000000000000000000e+00,0.000000000000000000e+00,0.000000000000000000e+00,0.000000000000000000e+00,1.340000000000000036e+01,0.000000000000000000e+00,0.000000000000000000e+00,0.000000000000000000e+00,8.000000000000000444e-01,0.000000000000000000e+00,0.000000000000000000e+00,0.000000000000000000e+00,0.000000000000000000e+00,0.000000000000000000e+00,0.000000000000000000e+00,0.000000000000000000e+00,0.000000000000000000e+00,0.000000000000000000e+00,0.000000000000000000e+00,0.000000000000000000e+00,0.000000000000000000e+00,2.600000000000000089e+00,0.000000000000000000e+00,8.000000000000000444e-01,0.000000000000000000e+00,0.000000000000000000e+00,8.000000000000000444e-01,0.000000000000000000e+00
0.000000000000000000e+00,0.000000000000000000e+00,2.000000000000000111e-01,0.000000000000000000e+00,3.200000000000000178e+00,1.199999999999999956e+00,0.000000000000000000e+00,2.300000000000000000e+01,2.399999999999999911e+00,2.300000000000000000e+01,2.399999999999999911e+00,0.000000000000000000e+00,2.000000000000000111e-01,0.000000000000000000e+00,0.000000000000000000e+00,0.000000000000000000e+00,0.000000000000000000e+00,0.000000000000000000e+00,1.419999999999999929e+01,0.000000000000000000e+00,0.000000000000000000e+00,0.000000000000000000e+00,0.000000000000000000e+00,0.000000000000000000e+00,2.000000000000000111e-01,0.000000000000000000e+00,0.000000000000000000e+00,0.000000000000000000e+00,0.000000000000000000e+00,0.000000000000000000e+00,1.000000000000000000e+00,0.000000000000000000e+00,0.000000000000000000e+00,0.000000000000000000e+00,0.000000000000000000e+00,0.000000000000000000e+00,0.000000000000000000e+00,2.399999999999999911e+00,7.199999999999999289e+00,8.000000000000000444e-01,0.000000000000000000e+00,0.000000000000000000e+00,0.000000000000000000e+00,0.000000000000000000e+00,0.000000000000000000e+00,0.000000000000000000e+00,2.399999999999999911e+00,0.000000000000000000e+00,0.000000000000000000e+00,0.000000000000000000e+00,2.000000000000000111e-01,0.000000000000000000e+00,1.399999999999999911e+00,0.000000000000000000e+00,2.200000000000000178e+00,0.000000000000000000e+00,2.000000000000000111e-01,0.000000000000000000e+00,0.000000000000000000e+00,1.000000000000000000e+00,0.000000000000000000e+00,0.000000000000000000e+00,0.000000000000000000e+00,0.000000000000000000e+00,0.000000000000000000e+00,0.000000000000000000e+00,0.000000000000000000e+00,0.000000000000000000e+00,0.000000000000000000e+00,2.000000000000000111e-01,1.399999999999999911e+00,0.000000000000000000e+00
2.000000000000000000e+00,0.000000000000000000e+00,7.200000000000000178e+00,8.400000000000000355e+00,4.479999999999999716e+01,0.000000000000000000e+00,0.000000000000000000e+00,0.000000000000000000e+00,8.000000000000000444e-01,0.000000000000000000e+00,8.000000000000000444e-01,0.000000000000000000e+00,3.799999999999999822e+00,0.000000000000000000e+00,0.000000000000000000e+00,0.000000000000000000e+00,0.000000000000000000e+00,0.000000000000000000e+00,0.000000000000000000e+00,0.000000000000000000e+00,0.000000000000000000e+00,0.000000000000000000e+00,0.000000000000000000e+00,0.000000000000000000e+00,0.000000000000000000e+00,0.000000000000000000e+00,0.000000000000000000e+00,0.000000000000000000e+00,0.000000000000000000e+00,2.000000000000000111e-01,1.639999999999999503e+01,0.000000000000000000e+00,4.000000000000000222e-01,0.000000000000000000e+00,3.200000000000000000e+01,0.000000000000000000e+00,0.000000000000000000e+00,2.399999999999999911e+00,0.000000000000000000e+00,0.000000000000000000e+00,8.599999999999997868e+00,0.000000000000000000e+00,0.000000000000000000e+00,0.000000000000000000e+00,0.000000000000000000e+00,0.000000000000000000e+00,2.399999999999999911e+00,4.000000000000000222e-01,0.000000000000000000e+00,0.000000000000000000e+00,1.019999999999999929e+01,0.000000000000000000e+00,3.600000000000000089e+00,9.000000000000000000e+00,0.000000000000000000e+00,0.000000000000000000e+00,2.399999999999999911e+00,0.000000000000000000e+00,0.000000000000000000e+00,9.000000000000000000e+00,0.000000000000000000e+00,2.000000000000000111e-01,0.000000000000000000e+00,0.000000000000000000e+00,0.000000000000000000e+00,9.400000000000000355e+00,2.219999999999999929e+01,1.000000000000000000e+01,4.200000000000000178e+00,1.199999999999999956e+00,3.600000000000000089e+00,0.000000000000000000e+00
0.000000000000000000e+00,0.000000000000000000e+00,2.000000000000000111e-01,0.000000000000000000e+00,5.999999999999999778e-01,0.000000000000000000e+00,0.000000000000000000e+00,0.000000000000000000e+00,0.000000000000000000e+00,0.000000000000000000e+00,0.000000000000000000e+00,0.000000000000000000e+00,2.000000000000000111e-01,0.000000000000000000e+00,0.000000000000000000e+00,0.000000000000000000e+00,0.000000000000000000e+00,0.000000000000000000e+00,0.000000000000000000e+00,0.000000000000000000e+00,0.000000000000000000e+00,0.000000000000000000e+00,0.000000000000000000e+00,0.000000000000000000e+00,0.000000000000000000e+00,0.000000000000000000e+00,0.000000000000000000e+00,0.000000000000000000e+00,0.000000000000000000e+00,0.000000000000000000e+00,0.000000000000000000e+00,0.000000000000000000e+00,0.000000000000000000e+00,0.000000000000000000e+00,2.000000000000000111e-01,0.000000000000000000e+00,0.000000000000000000e+00,0.000000000000000000e+00,0.000000000000000000e+00,0.000000000000000000e+00,2.000000000000000111e-01,0.000000000000000000e+00,0.000000000000000000e+00,0.000000000000000000e+00,0.000000000000000000e+00,0.000000000000000000e+00,0.000000000000000000e+00,0.000000000000000000e+00,0.000000000000000000e+00,0.000000000000000000e+00,0.000000000000000000e+00,0.000000000000000000e+00,2.000000000000000111e-01,2.000000000000000111e-01,0.000000000000000000e+00,0.000000000000000000e+00,2.000000000000000111e-01,0.000000000000000000e+00,0.000000000000000000e+00,0.000000000000000000e+00,0.000000000000000000e+00,0.000000000000000000e+00,0.000000000000000000e+00,0.000000000000000000e+00,0.000000000000000000e+00,2.000000000000000111e-01,4.000000000000000222e-01,2.000000000000000111e-01,0.000000000000000000e+00,2.000000000000000111e-01,2.000000000000000111e-01,0.000000000000000000e+00
2.000000000000000111e-01,0.000000000000000000e+00,0.000000000000000000e+00,0.000000000000000000e+00,0.000000000000000000e+00,0.000000000000000000e+00,0.000000000000000000e+00,0.000000000000000000e+00,0.000000000000000000e+00,0.000000000000000000e+00,0.000000000000000000e+00,0.000000000000000000e+00,0.000000000000000000e+00,0.000000000000000000e+00,0.000000000000000000e+00,0.000000000000000000e+00,0.000000000000000000e+00,0.000000000000000000e+00,0.000000000000000000e+00,0.000000000000000000e+00,0.000000000000000000e+00,2.000000000000000389e-01,0.000000000000000000e+00,0.000000000000000000e+00,0.000000000000000000e+00,0.000000000000000000e+00,0.000000000000000000e+00,0.000000000000000000e+00,0.000000000000000000e+00,0.000000000000000000e+00,0.000000000000000000e+00,0.000000000000000000e+00,0.000000000000000000e+00,0.000000000000000000e+00,0.000000000000000000e+00,0.000000000000000000e+00,0.000000000000000000e+00,0.000000000000000000e+00,0.000000000000000000e+00,0.000000000000000000e+00,0.000000000000000000e+00,0.000000000000000000e+00,0.000000000000000000e+00,0.000000000000000000e+00,2.000000000000000111e-01,0.000000000000000000e+00,0.000000000000000000e+00,0.000000000000000000e+00,0.000000000000000000e+00,0.000000000000000000e+00,0.000000000000000000e+00,0.000000000000000000e+00,0.000000000000000000e+00,0.000000000000000000e+00,0.000000000000000000e+00,0.000000000000000000e+00,0.000000000000000000e+00,0.000000000000000000e+00,0.000000000000000000e+00,0.000000000000000000e+00,0.000000000000000000e+00,0.000000000000000000e+00,0.000000000000000000e+00,0.000000000000000000e+00,0.000000000000000000e+00,0.000000000000000000e+00,2.000000000000000111e-01,0.000000000000000000e+00,0.000000000000000000e+00,0.000000000000000000e+00,0.000000000000000000e+00,0.000000000000000000e+00
8.720000000000000284e+01,3.199999999999999734e+00,1.219999999999999929e+01,1.480000000000000071e+01,3.200000000000000000e+01,2.670000000000000000e+02,4.560000000000000142e+01,0.000000000000000000e+00,1.200000000000000000e+01,0.000000000000000000e+00,1.200000000000000000e+01,3.300000000000000000e+01,2.139999999999999858e+01,1.930000000000000000e+02,1.240000000000000036e+01,3.119999999999999929e+01,1.199999999999999956e+00,1.155999999999999943e+02,4.000000000000000222e-01,3.119999999999999574e+01,1.739999999999999503e+01,8.040000000000000568e+01,2.680000000000000071e+01,6.500000000000000000e+01,1.243999999999999915e+02,7.599999999999998757e+00,1.219999999999999929e+01,1.739999999999999503e+01,2.860000000000000142e+01,5.860000000000000142e+01,3.239999999999999858e+01,2.680000000000000071e+01,3.360000000000000142e+01,1.600000000000000089e+00,2.260000000000000142e+01,0.000000000000000000e+00,5.339999999999999858e+01,6.599999999999999645e+00,3.200000000000000178e+00,4.799999999999999822e+00,4.000000000000000222e-01,4.260000000000000142e+01,6.379999999999999716e+01,1.619999999999999929e+01,9.659999999999999432e+01,5.339999999999999858e+01,6.599999999999999645e+00,5.919999999999999574e+01,0.000000000000000000e+00,7.920000000000000284e+01,7.599999999999997868e+00,3.760000000000000142e+01,3.800000000000000266e+00,2.660000000000000142e+01,7.540000000000000568e+01,4.160000000000000142e+01,1.540000000000000036e+01,1.639999999999999503e+01,3.200000000000000178e+00,4.799999999999999822e+00,6.139999999999999147e+01,4.400000000000000355e+00,5.999999999999999778e-01,1.499999999999999822e+01,7.920000000000000284e+01,4.200000000000000178e+00,3.300000000000000000e+01,4.400000000000000355e+00,2.039999999999999858e+01,4.260000000000000142e+01,3.800000000000000266e+00,6.579999999999999716e+01
4.739999999999999858e+01,0.000000000000000000e+00,1.080000000000000071e+01,1.199999999999999956e+00,2.800000000000000355e+01,5.920000000000000284e+01,6.279999999999999716e+01,7.599999999999998757e+00,0.000000000000000000e+00,7.599999999999998757e+00,0.000000000000000000e+00,2.600000000000000089e+00,2.000000000000000111e-01,5.400000000000000355e+00,1.359999999999999964e+01,2.799999999999999822e+00,2.000000000000000111e-01,4.779999999999999716e+01,6.400000000000000355e+00,2.799999999999999822e+00,2.000000000000000000e+00,3.599999999999999645e+00,1.399999999999999911e+00,1.980000000000000071e+01,2.700000000000000000e+01,3.200000000000000178e+00,1.199999999999999956e+00,2.000000000000000000e+00,0.000000000000000000e+00,8.400000000000000355e+00,2.300000000000000000e+01,1.399999999999999911e+00,9.800000000000000711e+00,1.600000000000000089e+00,8.000000000000000444e-01,0.000000000000000000e+00,1.434000000000000057e+02,4.000000000000000222e-01,1.839999999999999858e+01,1.000000000000000000e+00,8.000000000000000444e-01,1.027999999999999972e+02,1.080000000000000071e+01,1.600000000000000089e+00,7.000000000000000000e+00,1.434000000000000057e+02,4.000000000000000222e-01,2.600000000000000089e+00,1.000000000000000000e+00,8.459999999999998010e+01,1.399999999999999911e+00,1.000000000000000000e+00,1.580000000000000071e+01,8.800000000000000711e+00,8.000000000000000000e+01,1.760000000000000142e+01,1.559999999999999964e+01,6.200000000000000178e+00,1.600000000000000089e+00,3.000000000000000000e+00,1.067999999999999972e+02,0.000000000000000000e+00,1.000000000000000000e+00,1.000000000000000000e+01,8.459999999999998010e+01,8.000000000000000000e+00,6.400000000000000355e+00,4.799999999999999822e+00,4.200000000000000178e+00,4.400000000000000355e+00,1.580000000000000071e+01,7.620000000000000284e+01
3.479999999999999716e+01,0.000000000000000000e+00,3.239999999999999858e+01,0.000000000000000000e+00,5.079999999999999716e+01,1.688000000000000114e+02,1.259999999999999964e+01,2.000000000000000111e-01,7.000000000000000888e+00,2.000000000000000111e-01,7.000000000000000000e+00,1.380000000000000071e+01,5.039999999999999858e+01,9.259999999999999432e+01,0.000000000000000000e+00,1.600000000000000089e+00,1.199999999999999956e+00,1.300000000000000178e+01,2.600000000000000089e+00,1.600000000000000089e+00,0.000000000000000000e+00,7.800000000000000711e+00,5.000000000000000000e+00,4.000000000000000000e+00,5.799999999999999822e+00,0.000000000000000000e+00,0.000000000000000000e+00,0.000000000000000000e+00,3.700000000000000000e+01,3.799999999999999822e+00,9.800000000000000711e+00,5.000000000000000000e+00,1.199999999999999956e+00,1.600000000000000089e+00,4.599999999999999645e+00,0.000000000000000000e+00,1.900000000000000355e+01,3.239999999999999858e+01,2.539999999999999858e+01,1.600000000000000089e+00,4.000000000000000222e-01,2.680000000000000071e+01,9.400000000000000355e+00,1.000000000000000000e+00,6.599999999999999645e+00,1.900000000000000000e+01,3.239999999999999858e+01,6.200000000000001066e+00,1.839999999999999858e+01,7.000000000000000000e+00,0.000000000000000000e+00,0.000000000000000000e+00,2.239999999999999858e+01,3.100000000000000000e+01,8.400000000000000355e+00,2.460000000000000142e+01,2.639999999999999858e+01,0.000000000000000000e+00,0.000000000000000000e+00,2.100000000000000000e+01,4.000000000000000000e+00,0.000000000000000000e+00,4.000000000000000222e-01,1.280000000000000071e+01,7.000000000000000000e+00,2.980000000000000071e+01,4.500000000000000000e+01,2.960000000000000142e+01,2.180000000000000071e+01,8.599999999999997868e+00,2.239999999999999858e+01,3.139999999999999858e+01
2.519999999999999929e+01,0.000000000000000000e+00,1.095999999999999943e+02,1.240000000000000036e+01,1.695999999999999943e+02,1.125999999999999943e+02,3.260000000000000142e+01,2.080000000000000071e+01,3.360000000000000142e+01,2.080000000000000071e+01,3.360000000000000142e+01,2.739999999999999858e+01,8.859999999999998010e+01,1.819999999999999929e+01,0.000000000000000000e+00,3.000000000000000000e+00,3.839999999999999858e+01,6.000000000000000000e+00,2.519999999999999929e+01,3.000000000000000000e+00,9.599999999999999645e+00,4.599999999999999645e+00,1.780000000000000071e+01,3.799999999999999822e+00,5.200000000000000178e+00,3.239999999999999858e+01,2.380000000000000071e+01,9.599999999999999645e+00,5.220000000000000284e+01,1.800000000000000044e+00,8.120000000000000284e+01,1.780000000000000071e+01,4.000000000000000222e-01,2.000000000000000000e+00,3.500000000000000000e+01,0.000000000000000000e+00,2.339999999999999858e+01,7.659999999999998010e+01,2.119999999999999929e+01,3.500000000000000000e+01,1.240000000000000036e+01,2.519999999999999929e+01,2.780000000000000071e+01,8.000000000000000444e-01,1.400000000000000000e+01,2.339999999999999858e+01,7.659999999999998010e+01,1.380000000000000071e+01,8.340000000000000568e+01,1.019999999999999929e+01,1.059999999999999964e+01,7.599999999999998757e+00,6.100000000000000000e+01,2.030000000000000000e+02,1.219999999999999929e+01,1.880000000000000071e+01,1.739999999999999503e+01,1.300000000000000000e+01,2.060000000000000142e+01,8.740000000000000568e+01,9.800000000000000711e+00,5.000000000000000000e+00,1.019999999999999929e+01,2.700000000000000355e+01,1.019999999999999929e+01,7.720000000000000284e+01,1.865999999999999943e+02,6.520000000000000284e+01,1.085999999999999943e+02,7.059999999999999432e+01,6.099999999999999289e+01,1.819999999999999929e+01
8.000000000000000000e+00,0.000000000000000000e+00,5.659999999999999432e+01,2.600000000000000089e+00,4.820000000000000284e+01,3.379999999999999716e+01,5.799999999999999822e+00,2.180000000000000071e+01,2.439999999999999858e+01,2.180000000000000071e+01,2.439999999999999858e+01,9.000000000000000000e+00,5.020000000000000995e+01,4.000000000000000000e+00,0.000000000000000000e+00,2.000000000000000111e-01,1.880000000000000071e+01,2.000000000000000111e-01,2.700000000000000000e+01,2.000000000000000111e-01,6.000000000000000000e+00,5.999999999999999778e-01,1.200000000000000000e+01,8.000000000000000444e-01,1.000000000000000000e+00,1.300000000000000000e+01,1.419999999999999929e+01,6.000000000000000000e+00,7.340000000000000568e+01,8.000000000000000444e-01,9.599999999999999645e+00,1.199999999999999822e+01,0.000000000000000000e+00,4.000000000000000222e-01,1.200000000000000000e+01,0.000000000000000000e+00,4.200000000000000178e+00,1.780000000000000071e+01,4.200000000000000178e+00,5.799999999999999822e+00,2.000000000000000000e+00,4.599999999999999645e+00,1.480000000000000071e+01,0.000000000000000000e+00,5.200000000000000178e+00,4.200000000000000178e+00,1.780000000000000071e+01,6.599999999999999645e+00,5.300000000000000000e+01,3.200000000000000178e+00,1.399999999999999911e+00,5.000000000000000000e+00,7.140000000000001990e+01,3.460000000000000142e+01,1.600000000000000311e+00,8.599999999999997868e+00,7.000000000000000000e+00,4.000000000000000222e-01,4.400000000000000355e+00,4.539999999999999858e+01,1.600000000000000089e+00,2.399999999999999911e+00,1.799999999999999822e+00,6.599999999999999645e+00,3.200000000000000178e+00,4.839999999999999858e+01,1.519999999999999929e+01,4.660000000000000142e+01,6.400000000000000355e+00,4.599999999999999645e+00,7.140000000000001990e+01,5.799999999999999822e+00
5.799999999999999822e+00,0.000000000000000000e+00,1.400000000000000000e+01,5.000000000000000000e+00,3.639999999999999858e+01,3.239999999999999858e+01,1.100000000000000000e+01,4.000000000000000222e-01,0.000000000000000000e+00,4.000000000000000222e-01,0.000000000000000000e+00,1.180000000000000071e+01,3.799999999999999822e+00,4.400000000000000355e+00,1.880000000000000071e+01,2.000000000000000111e-01,7.320000000000000284e+01,6.000000000000000000e+00,2.200000000000000178e+00,2.000000000000000111e-01,2.000000000000000000e+00,2.399999999999999911e+00,2.000000000000000111e-01,1.600000000000000089e+00,1.399999999999999911e+00,2.799999999999999822e+00,1.600000000000000089e+00,2.000000000000000000e+00,7.799999999999999822e+00,2.799999999999999822e+00,7.400000000000000355e+00,2.000000000000000111e-01,2.000000000000000000e+00,0.000000000000000000e+00,1.800000000000000044e+00,0.000000000000000000e+00,2.600000000000000089e+00,5.400000000000000355e+00,2.000000000000000111e-01,2.000000000000000000e+00,0.000000000000000000e+00,6.000000000000000000e+00,4.000000000000000000e+00,1.000000000000000000e+00,1.600000000000000089e+00,2.600000000000000089e+00,5.400000000000000355e+00,2.000000000000000000e+00,1.092000000000000028e+02,3.600000000000000089e+00,1.600000000000000089e+00,2.200000000000000178e+00,1.600000000000000000e+01,1.240000000000000036e+01,3.200000000000000622e+00,1.639999999999999503e+01,2.000000000000000111e-01,1.800000000000000044e+00,2.799999999999999822e+00,5.000000000000000000e+00,3.000000000000000000e+00,2.000000000000000111e-01,0.000000000000000000e+00,7.000000000000000000e+00,3.600000000000000089e+00,7.599999999999997868e+00,7.200000000000001066e+00,7.799999999999998934e+00,4.000000000000000222e-01,1.140000000000000036e+01,1.600000000000000000e+01,3.000000000000000000e+00
2.460000000000000142e+01,0.000000000000000000e+00,1.281999999999999886e+02,2.000000000000000111e-01,2.460000000000000142e+01,7.420000000000000284e+01,2.239999999999999858e+01,6.100000000000000000e+01,4.900000000000000000e+01,6.100000000000000000e+01,4.900000000000000000e+01,4.679999999999999716e+01,7.740000000000000568e+01,1.839999999999999858e+01,8.279999999999998295e+01,0.000000000000000000e+00,1.635999999999999943e+02,8.400000000000000355e+00,5.220000000000000284e+01,0.000000000000000000e+00,4.000000000000000000e+00,0.000000000000000000e+00,2.080000000000000071e+01,4.000000000000000222e-01,8.000000000000000444e-01,0.000000000000000000e+00,0.000000000000000000e+00,4.000000000000000000e+00,2.439999999999999858e+01,0.000000000000000000e+00,4.000000000000000000e+00,2.080000000000000071e+01,4.000000000000000222e-01,0.000000000000000000e+00,1.180000000000000071e+01,0.000000000000000000e+00,1.200000000000000000e+01,6.279999999999999716e+01,1.860000000000000142e+01,5.460000000000000142e+01,4.400000000000000355e+00,1.800000000000000000e+01,1.159999999999999964e+01,0.000000000000000000e+00,2.000000000000000111e-01,1.200000000000000000e+01,6.279999999999999716e+01,0.000000000000000000e+00,6.019999999999999574e+01,1.819999999999999929e+01,2.000000000000000000e+00,2.799999999999999822e+00,1.464000000000000057e+02,5.779999999999999716e+01,1.540000000000000036e+01,3.039999999999999858e+01,1.019999999999999929e+01,6.000000000000000000e+00,4.000000000000000222e-01,1.100000000000000000e+02,2.139999999999999858e+01,5.999999999999999778e-01,1.799999999999999822e+00,1.900000000000000000e+01,1.819999999999999929e+01,3.900000000000000000e+01,1.399999999999999822e+01,3.600000000000000000e+01,8.800000000000000711e+00,4.599999999999999645e+00,1.464000000000000057e+02,9.800000000000000711e+00
2.419999999999999929e+01,0.000000000000000000e+00,4.139999999999999858e+01,1.399999999999999911e+00,7.240000000000000568e+01,1.152000000000000028e+02,6.119999999999999574e+01,1.739999999999999503e+01,1.960000000000000142e+01,1.739999999999999503e+01,1.960000000000000142e+01,4.820000000000000284e+01,1.159999999999999964e+01,5.000000000000000000e+01,4.160000000000000142e+01,4.000000000000000000e+00,3.000000000000000000e+00,7.479999999999998295e+01,2.000000000000000000e+01,4.000000000000000000e+00,0.000000000000000000e+00,7.400000000000001243e+00,6.300000000000000000e+01,2.180000000000000071e+01,2.900000000000000000e+01,4.000000000000000222e-01,4.000000000000000222e-01,0.000000000000000000e+00,0.000000000000000000e+00,1.140000000000000036e+01,4.360000000000000142e+01,6.300000000000000000e+01,2.419999999999999929e+01,2.380000000000000071e+01,1.034000000000000057e+02,0.000000000000000000e+00,5.820000000000000284e+01,1.800000000000000044e+00,1.664000000000000057e+02,9.400000000000000355e+00,7.759999999999998010e+01,8.720000000000000284e+01,5.560000000000000142e+01,3.000000000000000000e+00,4.599999999999999645e+00,5.820000000000000284e+01,1.799999999999999822e+00,3.600000000000000089e+00,0.000000000000000000e+00,7.640000000000000568e+01,4.000000000000000222e-01,2.000000000000000111e-01,4.239999999999999858e+01,8.340000000000000568e+01,8.240000000000000568e+01,4.820000000000000284e+01,8.820000000000000284e+01,2.000000000000000111e-01,2.000000000000000111e-01,3.799999999999999822e+00,1.465999999999999943e+02,8.000000000000000444e-01,8.259999999999998010e+01,2.919999999999999574e+01,7.640000000000000568e+01,6.720000000000000284e+01,1.015999999999999943e+02,4.420000000000000284e+01,3.279999999999999716e+01,3.500000000000000000e+01,4.239999999999999858e+01,2.799999999999999645e+01
3.399999999999999911e+00,0.000000000000000000e+00,1.399999999999999911e+00,2.399999999999999911e+00,2.000000000000000111e-01,2.360000000000000142e+01,2.399999999999999911e+00,1.130000000000000000e+02,4.939999999999999858e+01,1.130000000000000000e+02,4.939999999999999858e+01,8.400000000000000355e+00,7.400000000000000355e+00,7.200000000000000178e+00,5.660000000000000142e+01,4.000000000000000000e+00,1.480000000000000071e+01,3.979999999999999716e+01,8.500000000000000000e+01,4.000000000000000000e+00,2.000000000000000111e-01,5.400000000000000355e+00,1.000000000000000000e+01,1.440000000000000036e+01,2.119999999999999929e+01,3.200000000000000178e+00,3.200000000000000178e+00,2.000000000000000111e-01,2.560000000000000142e+01,1.819999999999999929e+01,5.999999999999999778e-01,1.000000000000000000e+01,2.300000000000000355e+01,3.600000000000000089e+00,6.200000000000000178e+00,0.000000000000000000e+00,1.300000000000000000e+01,2.060000000000000142e+01,5.079999999999999716e+01,3.920000000000000284e+01,1.119999999999999929e+01,6.599999999999999645e+00,6.599999999999999645e+00,3.399999999999999911e+00,1.040000000000000036e+01,1.300000000000000000e+01,2.060000000000000142e+01,1.219999999999999929e+01,2.600000000000000089e+00,7.200000000000000178e+00,8.000000000000000444e-01,2.000000000000000111e-01,2.000000000000000111e-01,5.999999999999999778e-01,1.080000000000000071e+01,4.200000000000000178e+00,5.400000000000000355e+00,4.000000000000000222e-01,2.000000000000000000e+00,1.819999999999999929e+01,7.799999999999998934e+00,1.600000000000000089e+00,8.000000000000000000e+00,4.200000000000000178e+00,7.200000000000000178e+00,3.600000000000000089e+00,3.000000000000000000e+00,8.000000000000000444e-01,4.599999999999999645e+00,5.999999999999999778e-01,2.000000000000000111e-01,1.599999999999999867e+00
1.000000000000000000e+00,0.000000000000000000e+00,4.000000000000000222e-01,2.000000000000000000e+00,2.000000000000000111e-01,6.000000000000000000e+00,5.999999999999999778e-01,8.800000000000000711e+00,1.700000000000000000e+01,8.800000000000000711e+00,1.700000000000000000e+01,1.199999999999999956e+00,4.599999999999999645e+00,2.000000000000000111e-01,4.179999999999999716e+01,2.000000000000000111e-01,1.200000000000000000e+01,2.000000000000000111e-01,2.939999999999999858e+01,2.000000000000000111e-01,1.399999999999999911e+00,2.000000000000000389e-01,1.059999999999999964e+01,0.000000000000000000e+00,0.000000000000000000e+00,1.459999999999999964e+01,1.939999999999999858e+01,1.399999999999999911e+00,3.679999999999999716e+01,1.800000000000000000e+01,0.000000000000000000e+00,1.059999999999999964e+01,1.180000000000000071e+01,1.000000000000000000e+00,1.459999999999999964e+01,0.000000000000000000e+00,3.200000000000000178e+00,2.119999999999999929e+01,4.120000000000000284e+01,1.700000000000000000e+01,2.799999999999999822e+00,2.600000000000000089e+00,6.799999999999999822e+00,2.000000000000000111e-01,2.799999999999999822e+00,3.200000000000000178e+00,2.119999999999999929e+01,5.000000000000000000e+00,0.000000000000000000e+00,4.000000000000000222e-01,1.399999999999999911e+00,1.600000000000000089e+00,3.600000000000000089e+00,5.600000000000000533e+00,2.000000000000000389e-01,2.399999999999999911e+00,5.200000000000000178e+00,2.600000000000000089e+00,2.200000000000000178e+00,3.139999999999999858e+01,2.000000000000000111e-01,1.199999999999999956e+00,5.400000000000000355e+00,8.000000000000000444e-01,4.000000000000000222e-01,8.000000000000000444e-01,6.799999999999998934e+00,8.000000000000000444e-01,1.800000000000000044e+00,2.000000000000000111e-01,3.600000000000000089e+00,2.600000000000000089e+00
0.000000000000000000e+00,0.000000000000000000e+00,2.000000000000000111e-01,0.000000000000000000e+00,2.000000000000000111e-01,0.000000000000000000e+00,0.000000000000000000e+00,0.000000000000000000e+00,0.000000000000000000e+00,0.000000000000000000e+00,0.000000000000000000e+00,0.000000000000000000e+00,0.000000000000000000e+00,0.000000000000000000e+00,0.000000000000000000e+00,0.000000000000000000e+00,1.059999999999999964e+01,0.000000000000000000e+00,0.000000000000000000e+00,0.000000000000000000e+00,2.000000000000000111e-01,2.000000000000000389e-01,0.000000000000000000e+00,0.000000000000000000e+00,0.000000000000000000e+00,0.000000000000000000e+00,0.000000000000000000e+00,2.000000000000000111e-01,2.200000000000000000e+01,0.000000000000000000e+00,0.000000000000000000e+00,0.000000000000000000e+00,4.000000000000000222e-01,0.000000000000000000e+00,0.000000000000000000e+00,0.000000000000000000e+00,0.000000000000000000e+00,0.000000000000000000e+00,8.000000000000000444e-01,0.000000000000000000e+00,0.000000000000000000e+00,0.000000000000000000e+00,2.000000000000000111e-01,0.000000000000000000e+00,2.000000000000000111e-01,0.000000000000000000e+00,0.000000000000000000e+00,2.000000000000000111e-01,4.000000000000000222e-01,2.000000000000000111e-01,0.000000000000000000e+00,0.000000000000000000e+00,1.399999999999999911e+00,0.000000000000000000e+00,0.000000000000000000e+00,0.000000000000000000e+00,0.000000000000000000e+00,0.000000000000000000e+00,2.000000000000000111e-01,2.399999999999999911e+00,2.000000000000000111e-01,0.000000000000000000e+00,0.000000000000000000e+00,0.000000000000000000e+00,2.000000000000000111e-01,0.000000000000000000e+00,0.000000000000000000e+00,8.000000000000000444e-01,0.000000000000000000e+00,0.000000000000000000e+00,1.399999999999999911e+00,0.000000000000000000e+00
0.000000000000000000e+00,0.000000000000000000e+00,4.000000000000000222e-01,0.000000000000000000e+00,0.000000000000000000e+00,0.000000000000000000e+00,0.000000000000000000e+00,0.000000000000000000e+00,0.000000000000000000e+00,0.000000000000000000e+00,0.000000000000000000e+00,2.000000000000000111e-01,0.000000000000000000e+00,0.000000000000000000e+00,0.000000000000000000e+00,0.000000000000000000e+00,0.000000000000000000e+00,0.000000000000000000e+00,0.000000000000000000e+00,0.000000000000000000e+00,0.000000000000000000e+00,0.000000000000000000e+00,0.000000000000000000e+00,4.000000000000000222e-01,0.000000000000000000e+00,0.000000000000000000e+00,0.000000000000000000e+00,0.000000000000000000e+00,0.000000000000000000e+00,0.000000000000000000e+00,0.000000000000000000e+00,0.000000000000000000e+00,0.000000000000000000e+00,0.000000000000000000e+00,0.000000000000000000e+00,0.000000000000000000e+00,2.000000000000000111e-01,0.000000000000000000e+00,2.000000000000000111e-01,0.000000000000000000e+00,0.000000000000000000e+00,2.000000000000000111e-01,0.000000000000000000e+00,0.000000000000000000e+00,0.000000000000000000e+00,2.000000000000000111e-01,0.000000000000000000e+00,0.000000000000000000e+00,0.000000000000000000e+00,0.000000000000000000e+00,0.000000000000000000e+00,0.000000000000000000e+00,2.399999999999999911e+00,0.000000000000000000e+00,0.000000000000000000e+00,0.000000000000000000e+00,0.000000000000000000e+00,0.000000000000000000e+00,0.000000000000000000e+00,0.000000000000000000e+00,0.000000000000000000e+00,0.000000000000000000e+00,0.000000000000000000e+00,2.000000000000000111e-01,0.000000000000000000e+00,0.000000000000000000e+00,0.000000000000000000e+00,0.000000000000000000e+00,0.000000000000000000e+00,0.000000000000000000e+00,2.399999999999999911e+00,0.000000000000000000e+00
5.599999999999999645e+00,0.000000000000000000e+00,2.000000000000000111e-01,0.000000000000000000e+00,5.999999999999999778e-01,1.119999999999999929e+01,2.399999999999999911e+00,2.100000000000000000e+01,1.619999999999999929e+01,2.100000000000000000e+01,1.619999999999999929e+01,1.180000000000000071e+01,2.000000000000000111e-01,2.000000000000000111e-01,0.000000000000000000e+00,5.799999999999999822e+00,1.000000000000000000e+00,0.000000000000000000e+00,9.599999999999999645e+00,5.799999999999999822e+00,0.000000000000000000e+00,8.000000000000000000e+00,8.000000000000000000e+00,2.600000000000000089e+00,2.000000000000000111e-01,0.000000000000000000e+00,0.000000000000000000e+00,0.000000000000000000e+00,5.999999999999999778e-01,0.000000000000000000e+00,0.000000000000000000e+00,8.000000000000000000e+00,0.000000000000000000e+00,2.600000000000000089e+00,0.000000000000000000e+00,0.000000000000000000e+00,1.600000000000000089e+00,1.800000000000000044e+00,4.200000000000000178e+00,2.519999999999999929e+01,5.999999999999999778e-01,2.200000000000000178e+00,2.000000000000000111e-01,2.600000000000000089e+00,0.000000000000000000e+00,1.600000000000000089e+00,1.799999999999999822e+00,0.000000000000000000e+00,0.000000000000000000e+00,2.000000000000000000e+00,2.000000000000000111e-01,0.000000000000000000e+00,1.399999999999999911e+00,2.200000000000000178e+00,8.000000000000001554e-01,5.599999999999999645e+00,0.000000000000000000e+00,0.000000000000000000e+00,0.000000000000000000e+00,0.000000000000000000e+00,3.799999999999999822e+00,0.000000000000000000e+00,5.999999999999999778e-01,2.399999999999999911e+00,2.000000000000000000e+00,4.000000000000000222e-01,0.000000000000000000e+00,1.600000000000000089e+00,5.999999999999999778e-01,0.000000000000000000e+00,1.399999999999999911e+00,7.999999999999999334e-01
1.000000000000000000e+00,0.000000000000000000e+00,0.000000000000000000e+00,0.000000000000000000e+00,0.000000000000000000e+00,0.000000000000000000e+00,2.000000000000000111e-01,2.000000000000000111e-01,2.000000000000000111e-01,2.000000000000000111e-01,2.000000000000000111e-01,0.000000000000000000e+00,2.000000000000000111e-01,0.000000000000000000e+00,0.000000000000000000e+00,1.000000000000000000e+00,0.000000000000000000e+00,0.000000000000000000e+00,2.000000000000000111e-01,1.000000000000000000e+00,0.000000000000000000e+00,0.000000000000000000e+00,0.000000000000000000e+00,2.000000000000000111e-01,0.000000000000000000e+00,2.200000000000000178e+00,8.000000000000000444e-01,0.000000000000000000e+00,0.000000000000000000e+00,0.000000000000000000e+00,0.000000000000000000e+00,0.000000000000000000e+00,0.000000000000000000e+00,2.000000000000000111e-01,0.000000000000000000e+00,0.000000000000000000e+00,2.000000000000000111e-01,2.000000000000000111e-01,0.000000000000000000e+00,5.999999999999999778e-01,2.000000000000000111e-01,0.000000000000000000e+00,0.000000000000000000e+00,4.000000000000000222e-01,2.000000000000000111e-01,2.000000000000000111e-01,2.000000000000000111e-01,0.000000000000000000e+00,0.000000000000000000e+00,0.000000000000000000e+00,0.000000000000000000e+00,0.000000000000000000e+00,0.000000000000000000e+00,2.000000000000000111e-01,0.000000000000000000e+00,2.000000000000000111e-01,0.000000000000000000e+00,0.000000000000000000e+00,0.000000000000000000e+00,0.000000000000000000e+00,2.000000000000000111e-01,0.000000000000000000e+00,2.000000000000000111e-01,2.000000000000000111e-01,0.000000000000000000e+00,0.000000000000000000e+00,0.000000000000000000e+00,0.000000000000000000e+00,0.000000000000000000e+00,0.000000000000000000e+00,0.000000000000000000e+00,5.999999999999999778e-01
0.000000000000000000e+00,0.000000000000000000e+00,2.000000000000000111e-01,5.999999999999999778e-01,0.000000000000000000e+00,1.000000000000000000e+00,0.000000000000000000e+00,2.000000000000000111e-01,4.000000000000000222e-01,2.000000000000000111e-01,4.000000000000000222e-01,2.000000000000000111e-01,1.000000000000000000e+00,0.000000000000000000e+00,1.399999999999999911e+00,0.000000000000000000e+00,2.000000000000000111e-01,0.000000000000000000e+00,0.000000000000000000e+00,0.000000000000000000e+00,0.000000000000000000e+00,1.399999999999999911e+00,0.000000000000000000e+00,1.199999999999999956e+00,1.399999999999999911e+00,0.000000000000000000e+00,2.000000000000000111e-01,0.000000000000000000e+00,5.400000000000000355e+00,0.000000000000000000e+00,0.000000000000000000e+00,0.000000000000000000e+00,4.000000000000000222e-01,0.000000000000000000e+00,0.000000000000000000e+00,0.000000000000000000e+00,0.000000000000000000e+00,1.600000000000000089e+00,2.000000000000000111e-01,4.000000000000000222e-01,0.000000000000000000e+00,0.000000000000000000e+00,2.200000000000000178e+00,0.000000000000000000e+00,2.000000000000000111e-01,0.000000000000000000e+00,1.600000000000000089e+00,1.800000000000000044e+00,2.519999999999999929e+01,0.000000000000000000e+00,0.000000000000000000e+00,2.000000000000000111e-01,1.000000000000000000e+00,0.000000000000000000e+00,0.000000000000000000e+00,0.000000000000000000e+00,2.000000000000000111e-01,0.000000000000000000e+00,2.000000000000000111e-01,1.399999999999999911e+00,0.000000000000000000e+00,1.000000000000000000e+00,0.000000000000000000e+00,0.000000000000000000e+00,0.000000000000000000e+00,0.000000000000000000e+00,0.000000000000000000e+00,2.000000000000000111e-01,0.000000000000000000e+00,0.000000000000000000e+00,1.000000000000000000e+00,0.000000000000000000e+00
5.999999999999999778e-01,0.000000000000000000e+00,1.080000000000000071e+01,2.180000000000000071e+01,2.319999999999999929e+01,1.760000000000000142e+01,2.399999999999999911e+00,1.280000000000000071e+01,1.800000000000000000e+01,1.280000000000000071e+01,1.800000000000000000e+01,2.200000000000000178e+00,4.599999999999999645e+00,3.600000000000000089e+00,2.400000000000000000e+01,8.599999999999997868e+00,2.600000000000000089e+00,1.340000000000000036e+01,1.519999999999999929e+01,8.599999999999997868e+00,4.260000000000000142e+01,8.000000000000001554e-01,6.799999999999999822e+00,7.799999999999999822e+00,2.380000000000000071e+01,1.660000000000000142e+01,2.219999999999999929e+01,4.260000000000000142e+01,1.219999999999999929e+01,1.340000000000000036e+01,1.240000000000000036e+01,6.799999999999999822e+00,4.300000000000000000e+01,2.399999999999999911e+00,1.000000000000000000e+01,0.000000000000000000e+00,9.800000000000000711e+00,1.300000000000000000e+01,3.180000000000000071e+01,3.260000000000000142e+01,1.440000000000000036e+01,1.800000000000000044e+00,6.200000000000000178e+00,4.000000000000000222e-01,7.120000000000000284e+01,9.800000000000000711e+00,1.300000000000000178e+01,5.239999999999999858e+01,6.160000000000000142e+01,1.800000000000000044e+00,4.139999999999999858e+01,1.540000000000000036e+01,2.160000000000000142e+01,1.200000000000000000e+01,8.000000000000001554e-01,8.000000000000000444e-01,4.400000000000000355e+00,9.140000000000000568e+01,2.019999999999999929e+01,1.040000000000000213e+01,1.200000000000000000e+01,6.479999999999999716e+01,3.200000000000000178e+00,3.399999999999999911e+00,1.800000000000000044e+00,8.800000000000000711e+00,9.199999999999999289e+00,6.200000000000000178e+00,8.599999999999997868e+00,2.100000000000000000e+01,2.160000000000000142e+01,0.000000000000000000e+00
1.399999999999999911e+00,0.000000000000000000e+00,6.400000000000000355e+00,8.900000000000000000e+01,5.300000000000000000e+01,9.100000000000000000e+01,1.680000000000000071e+01,4.400000000000000355e+00,3.000000000000000000e+00,4.400000000000000355e+00,3.000000000000000000e+00,3.339999999999999858e+01,1.000000000000000000e+00,1.644000000000000057e+02,2.600000000000000000e+01,1.500000000000000000e+01,2.000000000000000111e-01,2.611999999999999886e+02,3.799999999999999822e+00,1.500000000000000000e+01,2.060000000000000142e+01,5.220000000000000284e+01,2.800000000000000000e+01,1.739999999999999503e+01,3.903999999999999773e+02,9.140000000000000568e+01,8.479999999999998295e+01,2.060000000000000142e+01,0.000000000000000000e+00,1.815999999999999943e+02,2.439999999999999858e+01,2.800000000000000000e+01,3.325999999999999659e+02,6.800000000000000000e+01,5.679999999999999716e+01,0.000000000000000000e+00,3.539999999999999858e+01,1.600000000000000089e+00,1.619999999999999929e+01,8.000000000000000444e-01,1.155999999999999943e+02,1.639999999999999503e+01,6.000000000000000000e+00,8.000000000000000444e-01,9.620000000000000284e+01,3.539999999999999858e+01,1.600000000000000089e+00,1.125999999999999943e+02,0.000000000000000000e+00,4.179999999999999005e+01,3.920000000000000284e+01,1.619999999999999929e+01,2.000000000000000111e-01,1.075999999999999943e+02,2.230000000000000000e+02,2.139999999999999858e+01,1.105999999999999943e+02,5.620000000000000284e+01,1.290000000000000000e+02,1.600000000000000311e+00,3.531999999999999886e+02,1.900000000000000000e+01,1.464000000000000057e+02,1.180000000000000071e+01,4.179999999999999716e+01,3.000000000000000000e+00,5.179999999999999716e+01,3.399999999999999911e+00,2.360000000000000142e+01,2.780000000000000071e+01,2.000000000000000111e-01,1.259999999999999964e+01
6.679999999999999716e+01,0.000000000000000000e+00,2.124000000000000057e+02,7.179999999999999716e+01,4.210000000000000000e+02,1.865999999999999943e+02,1.711999999999999602e+02,7.180000000000000000e+02,4.923999999999999773e+02,7.180000000000000000e+02,4.923999999999999773e+02,1.277999999999999972e+02,2.275999999999999659e+02,1.540000000000000000e+02,1.740000000000000000e+02,1.219999999999999929e+01,1.608000000000000114e+02,1.277999999999999972e+02,7.630000000000000000e+02,1.219999999999999929e+01,2.300000000000000000e+01,4.220000000000000284e+01,2.331999999999999886e+02,0.000000000000000000e+00,1.024000000000000057e+02,4.739999999999999858e+01,7.020000000000000284e+01,2.300000000000000000e+01,1.130000000000000000e+02,8.720000000000000284e+01,9.820000000000000284e+01,2.331999999999999886e+02,6.079999999999999716e+01,3.579999999999999716e+01,6.620000000000000284e+01,0.000000000000000000e+00,1.331999999999999886e+02,5.992000000000000455e+02,2.750000000000000000e+02,4.963999999999999773e+02,3.579999999999999716e+01,1.338000000000000114e+02,1.839999999999999858e+01,6.200000000000000178e+00,9.679999999999999716e+01,1.331999999999999886e+02,5.992000000000000455e+02,9.120000000000000284e+01,3.400000000000000000e+01,1.464000000000000057e+02,2.280000000000000071e+01,2.619999999999999929e+01,2.294000000000000057e+02,3.626000000000000227e+02,1.591999999999999602e+02,5.079999999999999716e+01,6.020000000000000284e+01,2.319999999999999929e+01,1.027999999999999829e+02,3.883999999999999773e+02,1.534000000000000057e+02,1.980000000000000071e+01,2.839999999999999858e+01,4.160000000000000142e+01,1.464000000000000057e+02,2.000000000000000000e+02,2.893999999999999773e+02,1.841999999999999886e+02,1.300000000000000000e+02,3.879999999999999716e+01,2.294000000000000057e+02,5.960000000000000142e+01
1.230000000000000142e+02,0.000000000000000000e+00,4.820000000000000284e+01,4.400000000000000355e+00,3.160000000000000142e+01,2.831999999999999886e+02,2.030000000000000000e+02,2.444000000000000341e+02,4.553999999999999773e+02,2.444000000000000057e+02,4.553999999999999773e+02,4.443999999999999773e+02,2.571999999999999886e+02,3.399999999999999911e+00,8.040000000000000568e+01,1.280000000000000071e+01,6.479999999999999716e+01,9.979999999999999716e+01,2.078000000000000114e+02,1.280000000000000071e+01,3.400000000000000355e+00,2.919999999999999929e+01,1.801999999999999886e+02,6.720000000000000284e+01,1.227999999999999972e+02,2.600000000000000089e+00,2.399999999999999911e+00,3.399999999999999911e+00,1.328000000000000114e+02,5.679999999999999716e+01,1.839999999999999858e+01,1.802000000000000171e+02,8.479999999999998295e+01,2.200000000000000000e+01,3.119999999999999929e+01,0.000000000000000000e+00,2.500000000000000000e+02,2.773999999999999773e+02,2.070000000000000000e+02,2.291999999999999886e+02,6.940000000000001990e+01,2.408000000000000114e+02,2.700000000000000000e+01,7.799999999999999822e+00,2.319999999999999929e+01,2.500000000000000000e+02,2.773999999999999773e+02,2.059999999999999787e+01,4.500000000000000000e+01,1.654000000000000057e+02,3.600000000000000533e+00,6.200000000000000178e+00,4.439999999999999858e+01,6.600000000000000000e+01,1.490000000000000000e+02,7.279999999999998295e+01,7.940000000000000568e+01,4.200000000000000178e+00,8.400000000000000355e+00,4.703999999999999773e+02,1.301999999999999886e+02,1.059999999999999964e+01,4.460000000000000142e+01,6.840000000000001990e+01,1.654000000000000057e+02,7.559999999999998010e+01,2.899999999999999645e+01,7.579999999999998295e+01,7.599999999999997868e+00,3.600000000000000089e+00,4.439999999999999858e+01,1.368000000000000114e+02
7.400000000000000000e+01,0.000000000000000000e+00,2.000000000000000000e+01,7.959999999999998010e+01,7.840000000000000568e+01,5.430000000000000000e+02,5.460000000000000142e+01,5.039999999999999858e+01,5.139999999999999858e+01,5.039999999999999858e+01,5.139999999999999858e+01,1.290000000000000000e+02,1.540000000000000036e+01,1.400000000000000000e+01,8.000000000000000444e-01,5.799999999999999822e+00,1.719999999999999929e+01,4.820000000000000284e+01,4.300000000000000000e+01,5.799999999999999822e+00,1.839999999999999858e+01,1.540000000000000036e+01,1.215999999999999801e+02,2.480000000000000071e+01,3.439999999999999858e+01,4.660000000000000142e+01,5.960000000000000142e+01,1.839999999999999858e+01,7.400000000000000355e+00,3.539999999999999858e+01,4.020000000000000284e+01,1.215999999999999943e+02,3.539999999999999858e+01,1.700000000000000000e+01,8.040000000000000568e+01,0.000000000000000000e+00,2.539999999999999858e+01,2.580000000000000071e+01,4.800000000000000000e+01,3.460000000000000142e+01,4.020000000000000284e+01,3.279999999999999716e+01,3.979999999999999716e+01,4.799999999999999822e+00,4.360000000000000142e+01,2.539999999999999858e+01,2.580000000000000071e+01,1.700000000000000000e+01,5.799999999999999822e+00,1.440000000000000036e+01,2.539999999999999858e+01,1.440000000000000036e+01,1.739999999999999503e+01,5.100000000000000000e+01,3.060000000000000497e+01,7.159999999999999432e+01,4.039999999999999858e+01,2.660000000000000142e+01,7.840000000000000568e+01,2.200000000000000178e+00,1.600000000000000000e+01,2.100000000000000000e+01,2.380000000000000071e+01,3.300000000000000000e+01,1.440000000000000036e+01,1.100000000000000000e+01,9.820000000000000284e+01,3.600000000000000533e+00,7.859999999999998010e+01,6.300000000000000000e+01,1.739999999999999503e+01,7.440000000000000568e+01
5.100000000000000000e+01,0.000000000000000000e+00,9.179999999999999716e+01,7.799999999999999822e+00,4.520000000000000284e+01,3.338000000000000114e+02,8.179999999999998295e+01,4.000000000000000222e-01,1.040000000000000036e+01,4.000000000000000222e-01,1.040000000000000036e+01,5.060000000000000142e+01,1.780000000000000071e+01,0.000000000000000000e+00,4.400000000000000000e+01,5.200000000000000178e+00,1.199999999999999956e+00,7.320000000000000284e+01,8.000000000000000444e-01,5.200000000000000178e+00,6.200000000000000178e+00,6.000000000000000000e+00,3.160000000000000497e+01,1.660000000000000142e+01,4.839999999999999858e+01,3.779999999999999716e+01,4.300000000000000000e+01,6.200000000000000178e+00,7.000000000000000000e+00,4.560000000000000142e+01,3.400000000000000000e+01,3.160000000000000142e+01,1.900000000000000355e+01,2.620000000000000284e+01,5.260000000000000853e+01,0.000000000000000000e+00,1.060000000000000000e+02,7.200000000000000178e+00,8.000000000000000000e+00,1.219999999999999929e+01,2.019999999999999929e+01,1.024000000000000057e+02,7.279999999999998295e+01,4.200000000000000178e+00,2.319999999999999929e+01,1.060000000000000000e+02,7.199999999999999289e+00,4.500000000000000000e+01,1.199999999999999956e+00,1.728000000000000114e+02,3.799999999999999822e+00,2.799999999999999822e+00,5.860000000000000142e+01,1.237999999999999972e+02,2.010000000000000000e+02,8.359999999999998010e+01,4.739999999999999858e+01,1.760000000000000142e+01,1.860000000000000142e+01,0.000000000000000000e+00,1.315999999999999943e+02,5.999999999999999778e-01,1.219999999999999929e+01,1.097999999999999972e+02,1.728000000000000114e+02,1.080000000000000071e+01,7.500000000000000000e+01,7.799999999999998934e+00,4.979999999999999716e+01,4.800000000000000000e+01,5.860000000000000142e+01,6.139999999999999858e+01
1.240000000000000036e+01,0.000000000000000000e+00,5.420000000000000284e+01,5.999999999999999778e-01,6.540000000000001990e+01,5.239999999999999858e+01,2.660000000000000142e+01,5.599999999999999645e+00,1.400000000000000178e+01,5.599999999999999645e+00,1.400000000000000000e+01,2.319999999999999929e+01,2.920000000000000284e+01,2.980000000000000071e+01,3.460000000000000142e+01,8.000000000000000444e-01,2.799999999999999822e+00,5.800000000000000000e+01,1.280000000000000071e+01,8.000000000000000444e-01,4.000000000000000222e-01,0.000000000000000000e+00,1.000000000000000000e+00,3.399999999999999911e+00,9.400000000000000355e+00,0.000000000000000000e+00,0.000000000000000000e+00,4.000000000000000222e-01,9.400000000000000355e+00,2.799999999999999822e+00,3.099999999999999645e+01,1.000000000000000000e+00,1.019999999999999929e+01,1.000000000000000000e+00,1.219999999999999929e+01,0.000000000000000000e+00,2.260000000000000142e+01,7.200000000000000178e+00,5.600000000000000533e+00,5.599999999999999645e+00,3.200000000000000178e+00,2.059999999999999787e+01,3.620000000000000284e+01,0.000000000000000000e+00,5.999999999999999778e-01,2.260000000000000142e+01,7.199999999999999289e+00,5.999999999999999778e-01,2.100000000000000000e+01,3.720000000000000284e+01,5.999999999999999778e-01,2.000000000000000111e-01,3.760000000000000142e+01,6.320000000000000284e+01,4.239999999999999858e+01,2.019999999999999929e+01,8.199999999999997513e+00,2.000000000000000000e+00,4.000000000000000222e-01,0.000000000000000000e+00,6.479999999999999716e+01,0.000000000000000000e+00,3.599999999999999645e+00,1.380000000000000071e+01,3.720000000000000284e+01,2.019999999999999929e+01,2.519999999999999929e+01,1.680000000000000071e+01,1.140000000000000036e+01,2.319999999999999929e+01,3.760000000000000142e+01,9.800000000000000711e+00
2.060000000000000142e+01,0.000000000000000000e+00,8.359999999999998010e+01,0.000000000000000000e+00,1.284000000000000057e+02,7.240000000000000568e+01,2.660000000000000142e+01,1.700000000000000000e+01,2.460000000000000142e+01,1.700000000000000000e+01,2.460000000000000142e+01,5.560000000000000142e+01,6.200000000000000000e+01,7.000000000000000000e+00,1.839999999999999858e+01,6.799999999999999822e+00,1.419999999999999929e+01,3.560000000000000142e+01,4.939999999999999858e+01,6.799999999999999822e+00,0.000000000000000000e+00,2.000000000000000389e-01,5.799999999999999822e+00,5.599999999999999645e+00,5.599999999999999645e+00,0.000000000000000000e+00,0.000000000000000000e+00,0.000000000000000000e+00,5.720000000000000284e+01,1.199999999999999956e+00,7.879999999999998295e+01,5.799999999999998934e+00,2.399999999999999911e+00,1.800000000000000044e+00,1.580000000000000071e+01,0.000000000000000000e+00,1.359999999999999964e+01,2.480000000000000071e+01,1.739999999999999503e+01,3.500000000000000000e+01,2.200000000000000000e+01,2.019999999999999929e+01,8.140000000000000568e+01,3.000000000000000000e+00,5.999999999999999778e-01,1.359999999999999964e+01,2.480000000000000071e+01,0.000000000000000000e+00,7.840000000000000568e+01,1.800000000000000000e+01,0.000000000000000000e+00,0.000000000000000000e+00,6.620000000000000284e+01,7.520000000000000284e+01,2.839999999999999503e+01,2.360000000000000142e+01,1.919999999999999929e+01,1.000000000000000000e+00,2.000000000000000111e-01,0.000000000000000000e+00,3.060000000000000142e+01,0.000000000000000000e+00,1.000000000000000000e+01,1.259999999999999964e+01,1.800000000000000000e+01,5.400000000000000000e+01,6.379999999999999716e+01,4.800000000000000000e+01,3.179999999999999716e+01,4.379999999999999716e+01,6.620000000000000284e+01,1.019999999999999929e+01
5.120000000000000284e+01,0.000000000000000000e+00,2.139999999999999858e+01,2.000000000000000111e-01,5.500000000000000000e+01,7.600000000000000000e+01,6.759999999999999432e+01,3.180000000000000071e+01,4.600000000000000000e+01,3.180000000000000071e+01,4.600000000000000000e+01,8.959999999999998010e+01,3.060000000000000497e+01,2.639999999999999858e+01,2.700000000000000000e+01,2.000000000000000000e+00,1.019999999999999929e+01,9.000000000000000000e+00,8.020000000000000284e+01,2.000000000000000000e+00,0.000000000000000000e+00,2.000000000000000000e+00,3.279999999999999716e+01,1.600000000000000089e+00,1.600000000000000089e+00,0.000000000000000000e+00,0.000000000000000000e+00,0.000000000000000000e+00,1.600000000000000000e+01,1.800000000000000044e+00,9.820000000000000284e+01,3.279999999999999716e+01,1.199999999999999956e+00,2.799999999999999822e+00,7.100000000000000000e+01,0.000000000000000000e+00,3.400000000000000000e+01,1.600000000000000000e+01,8.020000000000000284e+01,2.119999999999999929e+01,2.980000000000000071e+01,4.960000000000000142e+01,7.759999999999998010e+01,1.600000000000000089e+00,2.000000000000000000e+00,3.400000000000000000e+01,1.600000000000000000e+01,5.999999999999999778e-01,1.600000000000000089e+00,2.560000000000000142e+01,0.000000000000000000e+00,2.000000000000000111e-01,1.919999999999999929e+01,7.240000000000000568e+01,1.240000000000000036e+01,3.620000000000000284e+01,6.620000000000000284e+01,1.000000000000000000e+00,2.000000000000000111e-01,1.199999999999999956e+00,1.359999999999999964e+01,0.000000000000000000e+00,2.680000000000000071e+01,1.819999999999999929e+01,2.560000000000000142e+01,1.580000000000000071e+01,7.779999999999998295e+01,1.100000000000000000e+01,4.639999999999999858e+01,9.720000000000000284e+01,1.919999999999999929e+01,2.640000000000000213e+01
2.560000000000000142e+01,0.000000000000000000e+00,1.180000000000000071e+01,6.599999999999999645e+00,5.020000000000000284e+01,9.340000000000000568e+01,2.180000000000000071e+01,1.880000000000000071e+01,1.219999999999999929e+01,1.880000000000000071e+01,1.219999999999999929e+01,9.279999999999999716e+01,4.599999999999999645e+00,0.000000000000000000e+00,1.359999999999999964e+01,5.200000000000000178e+00,4.400000000000000355e+00,3.100000000000000000e+01,4.220000000000000284e+01,5.200000000000000178e+00,8.599999999999997868e+00,4.200000000000000178e+00,8.000000000000000000e+00,7.200000000000000178e+00,1.660000000000000142e+01,5.400000000000000355e+00,5.200000000000000178e+00,8.599999999999997868e+00,4.000000000000000222e-01,9.000000000000000000e+00,3.660000000000000142e+01,8.000000000000000000e+00,1.219999999999999929e+01,2.600000000000000089e+00,2.880000000000000071e+01,0.000000000000000000e+00,1.839999999999999858e+01,1.040000000000000036e+01,1.180000000000000071e+01,1.059999999999999964e+01,7.200000000000000178e+00,1.800000000000000000e+01,5.700000000000000000e+01,4.000000000000000000e+00,1.219999999999999929e+01,1.839999999999999858e+01,1.040000000000000036e+01,3.200000000000000178e+00,2.000000000000000111e-01,3.700000000000000000e+01,3.200000000000000178e+00,9.199999999999999289e+00,1.000000000000000000e+00,3.360000000000000142e+01,4.160000000000000142e+01,2.820000000000000284e+01,1.159999999999999964e+01,6.000000000000000000e+00,1.800000000000000000e+01,0.000000000000000000e+00,2.780000000000000071e+01,2.000000000000000111e-01,3.000000000000000000e+00,2.419999999999999929e+01,3.700000000000000000e+01,9.400000000000000355e+00,5.020000000000000284e+01,7.200000000000001066e+00,1.680000000000000071e+01,2.760000000000000142e+01,1.000000000000000000e+00,1.399999999999999822e+01
1.059999999999999964e+01,0.000000000000000000e+00,9.000000000000000000e+00,3.399999999999999911e+00,1.040000000000000036e+01,1.555999999999999943e+02,2.200000000000000000e+01,2.600000000000000000e+01,8.400000000000000355e+00,2.600000000000000000e+01,8.400000000000000355e+00,5.379999999999999716e+01,2.600000000000000089e+00,5.820000000000000284e+01,2.000000000000000111e-01,2.000000000000000000e+00,3.200000000000000178e+00,2.380000000000000071e+01,3.100000000000000000e+01,2.000000000000000000e+00,1.399999999999999911e+00,4.000000000000000777e-01,8.800000000000000711e+00,2.000000000000000000e+00,6.799999999999999822e+00,0.000000000000000000e+00,0.000000000000000000e+00,1.399999999999999911e+00,0.000000000000000000e+00,3.000000000000000000e+00,3.200000000000000178e+00,8.800000000000000711e+00,7.599999999999998757e+00,3.400000000000000355e+00,6.400000000000000355e+00,0.000000000000000000e+00,3.300000000000000000e+01,2.200000000000000178e+00,1.839999999999999858e+01,5.200000000000000178e+00,1.080000000000000071e+01,2.980000000000000071e+01,1.860000000000000142e+01,3.399999999999999911e+00,1.399999999999999911e+00,3.300000000000000000e+01,2.200000000000000178e+00,1.000000000000000000e+00,2.000000000000000111e-01,3.000000000000000000e+01,3.200000000000000178e+00,1.199999999999999956e+00,7.599999999999998757e+00,1.040000000000000036e+01,2.139999999999999858e+01,2.820000000000000284e+01,7.599999999999998757e+00,7.799999999999998934e+00,2.000000000000000000e+00,0.000000000000000000e+00,1.800000000000000000e+01,4.000000000000000000e+00,6.000000000000000000e+00,1.780000000000000071e+01,3.000000000000000000e+01,6.200000000000000178e+00,7.400000000000001243e+00,5.200000000000000178e+00,5.000000000000000000e+00,8.800000000000000711e+00,7.599999999999998757e+00,8.400000000000000355e+00
4.599999999999999645e+00,0.000000000000000000e+00,1.000000000000000000e+00,0.000000000000000000e+00,1.199999999999999956e+00,8.599999999999997868e+00,6.000000000000000000e+00,0.000000000000000000e+00,1.600000000000000089e+00,0.000000000000000000e+00,1.600000000000000089e+00,4.599999999999999645e+00,1.199999999999999956e+00,8.000000000000000444e-01,3.399999999999999911e+00,2.000000000000000111e-01,1.000000000000000000e+00,2.000000000000000111e-01,0.000000000000000000e+00,2.000000000000000111e-01,0.000000000000000000e+00,0.000000000000000000e+00,2.000000000000000111e-01,0.000000000000000000e+00,0.000000000000000000e+00,0.000000000000000000e+00,0.000000000000000000e+00,0.000000000000000000e+00,3.399999999999999911e+00,2.000000000000000111e-01,0.000000000000000000e+00,2.000000000000000111e-01,0.000000000000000000e+00,2.000000000000000111e-01,1.199999999999999956e+00,0.000000000000000000e+00,1.600000000000000089e+00,2.000000000000000111e-01,2.000000000000000111e-01,1.800000000000000044e+00,2.000000000000000111e-01,2.799999999999999822e+00,6.000000000000000000e+00,2.000000000000000111e-01,0.000000000000000000e+00,1.600000000000000089e+00,2.000000000000000111e-01,4.000000000000000222e-01,0.000000000000000000e+00,5.999999999999999778e-01,0.000000000000000000e+00,0.000000000000000000e+00,2.000000000000000111e-01,4.000000000000000222e-01,2.000000000000000389e-01,6.400000000000000355e+00,1.000000000000000000e+00,0.000000000000000000e+00,0.000000000000000000e+00,0.000000000000000000e+00,2.000000000000000111e-01,0.000000000000000000e+00,2.000000000000000111e-01,3.000000000000000000e+00,5.999999999999999778e-01,2.000000000000000111e-01,3.200000000000000178e+00,0.000000000000000000e+00,1.600000000000000089e+00,1.600000000000000089e+00,2.000000000000000111e-01,3.000000000000000000e+00
0.000000000000000000e+00,0.000000000000000000e+00,2.000000000000000111e-01,0.000000000000000000e+00,2.000000000000000111e-01,0.000000000000000000e+00,0.000000000000000000e+00,2.000000000000000111e-01,0.000000000000000000e+00,2.000000000000000111e-01,0.000000000000000000e+00,0.000000000000000000e+00,1.800000000000000044e+00,0.000000000000000000e+00,8.000000000000000444e-01,0.000000000000000000e+00,3.799999999999999822e+00,0.000000000000000000e+00,0.000000000000000000e+00,0.000000000000000000e+00,0.000000000000000000e+00,0.000000000000000000e+00,2.000000000000000111e-01,0.000000000000000000e+00,0.000000000000000000e+00,0.000000000000000000e+00,0.000000000000000000e+00,0.000000000000000000e+00,2.200000000000000178e+00,0.000000000000000000e+00,0.000000000000000000e+00,2.000000000000000111e-01,0.000000000000000000e+00,0.000000000000000000e+00,0.000000000000000000e+00,0.000000000000000000e+00,0.000000000000000000e+00,0.000000000000000000e+00,0.000000000000000000e+00,1.199999999999999956e+00,0.000000000000000000e+00,0.000000000000000000e+00,0.000000000000000000e+00,0.000000000000000000e+00,2.000000000000000111e-01,0.000000000000000000e+00,0.000000000000000000e+00,0.000000000000000000e+00,4.799999999999999822e+00,0.000000000000000000e+00,0.000000000000000000e+00,0.000000000000000000e+00,2.000000000000000111e-01,4.000000000000000222e-01,0.000000000000000000e+00,0.000000000000000000e+00,0.000000000000000000e+00,0.000000000000000000e+00,0.000000000000000000e+00,0.000000000000000000e+00,0.000000000000000000e+00,0.000000000000000000e+00,0.000000000000000000e+00,0.000000000000000000e+00,0.000000000000000000e+00,4.000000000000000222e-01,8.000000000000000444e-01,8.000000000000000444e-01,0.000000000000000000e+00,0.000000000000000000e+00,2.000000000000000111e-01,0.000000000000000000e+00
0.000000000000000000e+00,0.000000000000000000e+00,0.000000000000000000e+00,0.000000000000000000e+00,0.000000000000000000e+00,0.000000000000000000e+00,0.000000000000000000e+00,0.000000000000000000e+00,0.000000000000000000e+00,0.000000000000000000e+00,0.000000000000000000e+00,0.000000000000000000e+00,0.000000000000000000e+00,0.000000000000000000e+00,0.000000000000000000e+00,0.000000000000000000e+00,0.000000000000000000e+00,0.000000000000000000e+00,0.000000000000000000e+00,0.000000000000000000e+00,0.000000000000000000e+00,0.000000000000000000e+00,0.000000000000000000e+00,0.000000000000000000e+00,0.000000000000000000e+00,0.000000000000000000e+00,0.000000000000000000e+00,0.000000000000000000e+00,0.000000000000000000e+00,0.000000000000000000e+00,0.000000000000000000e+00,0.000000000000000000e+00,0.000000000000000000e+00,0.000000000000000000e+00,0.000000000000000000e+00,0.000000000000000000e+00,0.000000000000000000e+00,2.000000000000000111e-01,0.000000000000000000e+00,5.999999999999999778e-01,0.000000000000000000e+00,2.000000000000000111e-01,0.000000000000000000e+00,0.000000000000000000e+00,0.000000000000000000e+00,0.000000000000000000e+00,2.000000000000000111e-01,0.000000000000000000e+00,0.000000000000000000e+00,0.000000000000000000e+00,0.000000000000000000e+00,0.000000000000000000e+00,0.000000000000000000e+00,0.000000000000000000e+00,0.000000000000000000e+00,0.000000000000000000e+00,0.000000000000000000e+00,0.000000000000000000e+00,2.000000000000000111e-01,0.000000000000000000e+00,0.000000000000000000e+00,0.000000000000000000e+00,0.000000000000000000e+00,2.000000000000000111e-01,0.000000000000000000e+00,0.000000000000000000e+00,0.000000000000000000e+00,0.000000000000000000e+00,0.000000000000000000e+00,0.000000000000000000e+00,0.000000000000000000e+00,0.000000000000000000e+00
2.000000000000000111e-01,0.000000000000000000e+00,0.000000000000000000e+00,0.000000000000000000e+00,0.000000000000000000e+00,0.000000000000000000e+00,0.000000000000000000e+00,0.000000000000000000e+00,0.000000000000000000e+00,0.000000000000000000e+00,0.000000000000000000e+00,2.000000000000000111e-01,0.000000000000000000e+00,0.000000000000000000e+00,0.000000000000000000e+00,0.000000000000000000e+00,0.000000000000000000e+00,0.000000000000000000e+00,0.000000000000000000e+00,0.000000000000000000e+00,0.000000000000000000e+00,0.000000000000000000e+00,0.000000000000000000e+00,0.000000000000000000e+00,0.000000000000000000e+00,0.000000000000000000e+00,0.000000000000000000e+00,0.000000000000000000e+00,0.000000000000000000e+00,0.000000000000000000e+00,0.000000000000000000e+00,0.000000000000000000e+00,0.000000000000000000e+00,0.000000000000000000e+00,0.000000000000000000e+00,0.000000000000000000e+00,0.000000000000000000e+00,0.000000000000000000e+00,0.000000000000000000e+00,2.000000000000000111e-01,0.000000000000000000e+00,2.000000000000000111e-01,0.000000000000000000e+00,0.000000000000000000e+00,0.000000000000000000e+00,0.000000000000000000e+00,0.000000000000000000e+00,0.000000000000000000e+00,0.000000000000000000e+00,0.000000000000000000e+00,0.000000000000000000e+00,0.000000000000000000e+00,0.000000000000000000e+00,0.000000000000000000e+00,0.000000000000000000e+00,0.000000000000000000e+00,0.000000000000000000e+00,0.000000000000000000e+00,0.000000000000000000e+00,0.000000000000000000e+00,0.000000000000000000e+00,0.000000000000000000e+00,0.000000000000000000e+00,0.000000000000000000e+00,0.000000000000000000e+00,0.000000000000000000e+00,0.000000000000000000e+00,2.000000000000000111e-01,0.000000000000000000e+00,0.000000000000000000e+00,0.000000000000000000e+00,0.000000000000000000e+00
0.000000000000000000e+00,0.000000000000000000e+00,2.000000000000000111e-01,0.000000000000000000e+00,0.000000000000000000e+00,0.000000000000000000e+00,0.000000000000000000e+00,0.000000000000000000e+00,2.000000000000000111e-01,0.000000000000000000e+00,2.000000000000000111e-01,0.000000000000000000e+00,0.000000000000000000e+00,0.000000000000000000e+00,0.000000000000000000e+00,0.000000000000000000e+00,0.000000000000000000e+00,0.000000000000000000e+00,0.000000000000000000e+00,0.000000000000000000e+00,0.000000000000000000e+00,0.000000000000000000e+00,0.000000000000000000e+00,0.000000000000000000e+00,0.000000000000000000e+00,0.000000000000000000e+00,0.000000000000000000e+00,0.000000000000000000e+00,0.000000000000000000e+00,0.000000000000000000e+00,0.000000000000000000e+00,0.000000000000000000e+00,0.000000000000000000e+00,0.000000000000000000e+00,0.000000000000000000e+00,0.000000000000000000e+00,0.000000000000000000e+00,0.000000000000000000e+00,0.000000000000000000e+00,2.000000000000000111e-01,0.000000000000000000e+00,2.000000000000000111e-01,0.000000000000000000e+00,0.000000000000000000e+00,0.000000000000000000e+00,0.000000000000000000e+00,0.000000000000000000e+00,0.000000000000000000e+00,0.000000000000000000e+00,0.000000000000000000e+00,0.000000000000000000e+00,0.000000000000000000e+00,0.000000000000000000e+00,0.000000000000000000e+00,0.000000000000000000e+00,0.000000000000000000e+00,8.000000000000000444e-01,0.000000000000000000e+00,0.000000000000000000e+00,0.000000000000000000e+00,0.000000000000000000e+00,0.000000000000000000e+00,0.000000000000000000e+00,0.000000000000000000e+00,0.000000000000000000e+00,0.000000000000000000e+00,0.000000000000000000e+00,0.000000000000000000e+00,0.000000000000000000e+00,0.000000000000000000e+00,0.000000000000000000e+00,0.000000000000000000e+00
0.000000000000000000e+00,0.000000000000000000e+00,1.600000000000000089e+00,0.000000000000000000e+00,2.000000000000000111e-01,0.000000000000000000e+00,0.000000000000000000e+00,2.000000000000000111e-01,0.000000000000000000e+00,2.000000000000000111e-01,0.000000000000000000e+00,0.000000000000000000e+00,2.399999999999999911e+00,0.000000000000000000e+00,1.519999999999999929e+01,2.000000000000000000e+00,0.000000000000000000e+00,3.200000000000000178e+00,0.000000000000000000e+00,2.000000000000000000e+00,6.000000000000000000e+00,1.799999999999999822e+00,0.000000000000000000e+00,1.000000000000000000e+00,3.399999999999999911e+00,4.000000000000000222e-01,5.999999999999999778e-01,6.000000000000000000e+00,0.000000000000000000e+00,0.000000000000000000e+00,0.000000000000000000e+00,0.000000000000000000e+00,8.000000000000000444e-01,0.000000000000000000e+00,0.000000000000000000e+00,0.000000000000000000e+00,0.000000000000000000e+00,8.000000000000000444e-01,0.000000000000000000e+00,2.000000000000000111e-01,0.000000000000000000e+00,0.000000000000000000e+00,8.000000000000000444e-01,1.080000000000000071e+01,7.000000000000000000e+00,0.000000000000000000e+00,8.000000000000000444e-01,8.000000000000000000e+00,2.000000000000000111e-01,0.000000000000000000e+00,0.000000000000000000e+00,9.000000000000000000e+00,1.199999999999999956e+00,4.000000000000000222e-01,4.000000000000000777e-01,0.000000000000000000e+00,1.800000000000000044e+00,1.000000000000000000e+00,0.000000000000000000e+00,0.000000000000000000e+00,2.000000000000000111e-01,0.000000000000000000e+00,0.000000000000000000e+00,0.000000000000000000e+00,0.000000000000000000e+00,4.400000000000000355e+00,0.000000000000000000e+00,3.399999999999999911e+00,0.000000000000000000e+00,0.000000000000000000e+00,1.199999999999999956e+00,0.000000000000000000e+00
1.159999999999999964e+01,0.000000000000000000e+00,2.560000000000000142e+01,0.000000000000000000e+00,3.060000000000000142e+01,0.000000000000000000e+00,1.300000000000000000e+01,1.800000000000000044e+00,5.599999999999999645e+00,1.800000000000000044e+00,5.599999999999999645e+00,1.359999999999999964e+01,2.260000000000000142e+01,9.000000000000000000e+00,0.000000000000000000e+00,4.000000000000000222e-01,5.599999999999999645e+00,2.000000000000000111e-01,1.199999999999999956e+00,4.000000000000000222e-01,1.199999999999999956e+00,2.000000000000000389e-01,8.599999999999997868e+00,0.000000000000000000e+00,0.000000000000000000e+00,0.000000000000000000e+00,4.000000000000000222e-01,1.199999999999999956e+00,0.000000000000000000e+00,0.000000000000000000e+00,9.199999999999999289e+00,8.599999999999997868e+00,2.000000000000000111e-01,1.000000000000000000e+00,5.000000000000000000e+00,0.000000000000000000e+00,1.739999999999999503e+01,5.599999999999999645e+00,5.799999999999999822e+00,8.000000000000000000e+00,1.399999999999999911e+00,8.199999999999997513e+00,1.559999999999999964e+01,1.000000000000000000e+00,4.000000000000000222e-01,1.739999999999999503e+01,5.600000000000000533e+00,1.399999999999999911e+00,3.900000000000000000e+01,4.200000000000000178e+00,1.000000000000000000e+00,5.999999999999999778e-01,3.160000000000000142e+01,2.319999999999999929e+01,5.400000000000000355e+00,1.080000000000000071e+01,1.419999999999999929e+01,1.079999999999999893e+01,0.000000000000000000e+00,0.000000000000000000e+00,5.200000000000000178e+00,4.599999999999999645e+00,1.799999999999999822e+00,1.200000000000000000e+01,4.200000000000000178e+00,2.480000000000000071e+01,1.639999999999999503e+01,2.380000000000000071e+01,4.000000000000000000e+00,2.000000000000000111e-01,3.160000000000000142e+01,1.960000000000000142e+01
4.000000000000000222e-01,0.000000000000000000e+00,4.000000000000000000e+00,0.000000000000000000e+00,1.459999999999999964e+01,0.000000000000000000e+00,1.199999999999999956e+00,1.000000000000000000e+00,1.199999999999999956e+00,1.000000000000000000e+00,1.199999999999999956e+00,1.399999999999999911e+00,2.799999999999999822e+00,0.000000000000000000e+00,8.000000000000000444e-01,0.000000000000000000e+00,5.200000000000000178e+00,0.000000000000000000e+00,2.000000000000000000e+00,0.000000000000000000e+00,0.000000000000000000e+00,0.000000000000000000e+00,8.000000000000000444e-01,0.000000000000000000e+00,0.000000000000000000e+00,0.000000000000000000e+00,0.000000000000000000e+00,0.000000000000000000e+00,0.000000000000000000e+00,2.000000000000000111e-01,2.600000000000000089e+00,8.000000000000000444e-01,0.000000000000000000e+00,0.000000000000000000e+00,1.000000000000000000e+00,0.000000000000000000e+00,8.000000000000000444e-01,4.000000000000000000e+00,5.999999999999999778e-01,1.600000000000000089e+00,2.000000000000000111e-01,1.199999999999999956e+00,4.599999999999999645e+00,0.000000000000000000e+00,0.000000000000000000e+00,8.000000000000000444e-01,4.000000000000000000e+00,0.000000000000000000e+00,5.860000000000000142e+01,5.999999999999999778e-01,0.000000000000000000e+00,0.000000000000000000e+00,6.000000000000000000e+00,7.799999999999999822e+00,0.000000000000000000e+00,8.000000000000000444e-01,1.000000000000000000e+00,2.000000000000000111e-01,0.000000000000000000e+00,0.000000000000000000e+00,0.000000000000000000e+00,0.000000000000000000e+00,8.000000000000000444e-01,4.000000000000000222e-01,5.999999999999999778e-01,9.599999999999999645e+00,3.799999999999999822e+00,1.019999999999999929e+01,1.199999999999999956e+00,2.799999999999999822e+00,6.000000000000000000e+00,1.999999999999999833e-01
3.399999999999999911e+00,0.000000000000000000e+00,1.600000000000000089e+00,0.000000000000000000e+00,7.599999999999999645e+00,0.000000000000000000e+00,2.000000000000000111e-01,2.399999999999999911e+00,7.200000000000000178e+00,2.399999999999999911e+00,7.200000000000000178e+00,5.999999999999999778e-01,8.400000000000000355e+00,8.000000000000000444e-01,2.000000000000000000e+00,2.000000000000000111e-01,1.900000000000000000e+01,0.000000000000000000e+00,1.600000000000000089e+00,2.000000000000000111e-01,0.000000000000000000e+00,0.000000000000000000e+00,2.799999999999999822e+00,0.000000000000000000e+00,0.000000000000000000e+00,0.000000000000000000e+00,0.000000000000000000e+00,0.000000000000000000e+00,0.000000000000000000e+00,0.000000000000000000e+00,2.200000000000000178e+00,2.799999999999999822e+00,0.000000000000000000e+00,8.000000000000000444e-01,3.399999999999999911e+00,0.000000000000000000e+00,0.000000000000000000e+00,4.799999999999999822e+00,1.799999999999999822e+00,7.599999999999998757e+00,0.000000000000000000e+00,2.000000000000000111e-01,3.200000000000000178e+00,0.000000000000000000e+00,1.199999999999999956e+00,0.000000000000000000e+00,4.799999999999999822e+00,2.000000000000000111e-01,1.019999999999999929e+01,8.000000000000000444e-01,0.000000000000000000e+00,0.000000000000000000e+00,2.600000000000000089e+00,2.800000000000000266e+00,0.000000000000000000e+00,0.000000000000000000e+00,1.600000000000000089e+00,0.000000000000000000e+00,0.000000000000000000e+00,0.000000000000000000e+00,0.000000000000000000e+00,0.000000000000000000e+00,2.000000000000000111e-01,0.000000000000000000e+00,8.000000000000000444e-01,4.400000000000000355e+00,4.599999999999999645e+00,9.400000000000000355e+00,1.219999999999999929e+01,1.800000000000000044e+00,2.600000000000000089e+00,1.999999999999999833e-01
7.599999999999998757e+00,0.000000000000000000e+00,1.180000000000000071e+01,8.199999999999997513e+00,1.580000000000000071e+01,0.000000000000000000e+00,6.000000000000000000e+00,5.000000000000000000e+00,1.199999999999999956e+00,5.000000000000000888e+00,1.199999999999999956e+00,2.619999999999999929e+01,1.119999999999999929e+01,1.419999999999999929e+01,4.400000000000000355e+00,1.399999999999999911e+00,7.599999999999998757e+00,4.599999999999999645e+00,6.599999999999999645e+00,1.399999999999999911e+00,7.400000000000001243e+00,4.000000000000000000e+00,5.200000000000000178e+00,2.000000000000000000e+00,3.799999999999999822e+00,1.100000000000000000e+01,7.599999999999998757e+00,7.400000000000000355e+00,0.000000000000000000e+00,2.399999999999999911e+00,1.180000000000000071e+01,5.200000000000000178e+00,1.000000000000000000e+00,2.000000000000000000e+00,8.199999999999997513e+00,0.000000000000000000e+00,1.900000000000000355e+01,1.259999999999999787e+01,1.880000000000000071e+01,1.700000000000000000e+01,7.000000000000000000e+00,1.980000000000000071e+01,8.199999999999997513e+00,3.600000000000000089e+00,1.399999999999999911e+00,1.900000000000000000e+01,1.259999999999999787e+01,4.000000000000000000e+00,0.000000000000000000e+00,8.599999999999997868e+00,8.199999999999997513e+00,3.200000000000000178e+00,9.000000000000000000e+00,1.400000000000000000e+01,6.000000000000000000e+00,6.400000000000000355e+00,7.200000000000000178e+00,6.599999999999999645e+00,3.600000000000000089e+00,0.000000000000000000e+00,7.200000000000000178e+00,2.600000000000000089e+00,1.600000000000000089e+00,4.200000000000000000e+01,8.599999999999997868e+00,1.100000000000000000e+01,1.419999999999999929e+01,8.599999999999997868e+00,1.440000000000000036e+01,1.579999999999999893e+01,9.000000000000000000e+00,1.000000000000000000e+00
2.779999999999999716e+01,0.000000000000000000e+00,5.919999999999999574e+01,1.440000000000000036e+01,6.279999999999999716e+01,0.000000000000000000e+00,2.600000000000000089e+00,1.800000000000000044e+00,1.199999999999999956e+00,1.800000000000000044e+00,1.199999999999999956e+00,0.000000000000000000e+00,2.280000000000000071e+01,0.000000000000000000e+00,0.000000000000000000e+00,5.200000000000000178e+00,4.000000000000000222e-01,0.000000000000000000e+00,1.000000000000000000e+00,5.200000000000000178e+00,4.599999999999999645e+00,8.000000000000001554e-01,1.199999999999999956e+00,0.000000000000000000e+00,0.000000000000000000e+00,3.399999999999999911e+00,6.000000000000000000e+00,4.599999999999999645e+00,0.000000000000000000e+00,0.000000000000000000e+00,5.779999999999999005e+01,1.199999999999999956e+00,2.000000000000000111e-01,1.199999999999999956e+00,7.200000000000000178e+00,0.000000000000000000e+00,0.000000000000000000e+00,5.000000000000000000e+00,2.000000000000000000e+00,6.799999999999999822e+00,1.800000000000000044e+00,0.000000000000000000e+00,4.560000000000000142e+01,1.040000000000000036e+01,4.000000000000000222e-01,0.000000000000000000e+00,5.000000000000000000e+00,8.000000000000000444e-01,1.000000000000000000e+00,0.000000000000000000e+00,2.600000000000000089e+00,2.799999999999999822e+00,3.800000000000000000e+01,9.200000000000000000e+01,0.000000000000000000e+00,0.000000000000000000e+00,4.799999999999999822e+00,5.000000000000000000e+00,1.660000000000000142e+01,0.000000000000000000e+00,0.000000000000000000e+00,8.000000000000000000e+00,3.599999999999999645e+00,4.200000000000000178e+00,0.000000000000000000e+00,2.319999999999999929e+01,4.579999999999999716e+01,2.160000000000000142e+01,1.660000000000000142e+01,1.340000000000000036e+01,3.800000000000000000e+01,4.479999999999999716e+01
8.920000000000000284e+01,0.000000000000000000e+00,6.959999999999999432e+01,5.760000000000000142e+01,1.645999999999999943e+02,0.000000000000000000e+00,4.579999999999999716e+01,6.000000000000000000e+00,3.300000000000000000e+01,6.000000000000000000e+00,3.300000000000000000e+01,2.280000000000000071e+01,2.880000000000000071e+01,3.860000000000000142e+01,7.599999999999997868e+00,1.519999999999999929e+01,4.799999999999999822e+00,2.780000000000000071e+01,6.599999999999999645e+00,1.519999999999999929e+01,4.400000000000000000e+01,2.119999999999999929e+01,3.720000000000000284e+01,2.499999999999999645e+01,3.200000000000000000e+01,2.300000000000000000e+01,2.419999999999999929e+01,4.400000000000000000e+01,0.000000000000000000e+00,3.160000000000000142e+01,2.021999999999999886e+02,3.720000000000000284e+01,2.300000000000000355e+01,2.139999999999999858e+01,5.539999999999999147e+01,0.000000000000000000e+00,2.060000000000000142e+01,5.460000000000000142e+01,5.759999999999999432e+01,1.800000000000000000e+01,1.960000000000000142e+01,2.839999999999999858e+01,7.500000000000000000e+01,6.400000000000000355e+00,3.639999999999999858e+01,2.060000000000000142e+01,5.460000000000000142e+01,6.459999999999999432e+01,3.200000000000000178e+00,1.040000000000000036e+01,5.460000000000000142e+01,3.779999999999999716e+01,3.800000000000000000e+01,1.911999999999999886e+02,5.299999999999999289e+01,7.140000000000001990e+01,6.320000000000000284e+01,6.959999999999999432e+01,7.659999999999998010e+01,0.000000000000000000e+00,1.919999999999999929e+01,1.900000000000000000e+01,3.799999999999999822e+00,6.479999999999999716e+01,1.040000000000000036e+01,6.220000000000000284e+01,1.470000000000000000e+02,4.700000000000000000e+01,6.020000000000000284e+01,1.037999999999999972e+02,3.800000000000000000e+01,6.640000000000001990e+01
5.220000000000000284e+01,0.000000000000000000e+00,2.660000000000000142e+01,4.200000000000000178e+00,3.320000000000000284e+01,0.000000000000000000e+00,4.239999999999999858e+01,5.200000000000000178e+00,5.200000000000000178e+00,5.200000000000000178e+00,5.200000000000000178e+00,4.139999999999999858e+01,1.480000000000000071e+01,1.940000000000000213e+01,4.420000000000000284e+01,4.400000000000000355e+00,2.239999999999999858e+01,3.760000000000000142e+01,4.400000000000000355e+00,4.400000000000000355e+00,3.200000000000000178e+00,7.199999999999999289e+00,2.399999999999999911e+00,2.160000000000000142e+01,2.580000000000000071e+01,8.000000000000000000e+00,8.599999999999997868e+00,3.200000000000000178e+00,0.000000000000000000e+00,1.619999999999999929e+01,3.860000000000000142e+01,2.399999999999999911e+00,1.459999999999999964e+01,9.199999999999999289e+00,8.199999999999997513e+00,0.000000000000000000e+00,1.839999999999999858e+01,3.739999999999999858e+01,8.599999999999997868e+00,4.400000000000000355e+00,2.799999999999999822e+00,2.539999999999999858e+01,3.320000000000000284e+01,2.399999999999999911e+00,5.000000000000000000e+00,1.839999999999999858e+01,3.739999999999999858e+01,1.200000000000000000e+01,4.799999999999999822e+00,3.320000000000000284e+01,4.200000000000000178e+00,1.399999999999999911e+00,7.400000000000000355e+00,6.279999999999999716e+01,4.320000000000000284e+01,7.800000000000000000e+01,3.620000000000000284e+01,1.000000000000000000e+01,1.000000000000000000e+01,0.000000000000000000e+00,4.320000000000000284e+01,1.600000000000000089e+00,5.999999999999999778e-01,4.579999999999999005e+01,3.320000000000000284e+01,1.480000000000000071e+01,3.600000000000000000e+01,1.100000000000000000e+01,1.839999999999999858e+01,2.239999999999999858e+01,7.400000000000000355e+00,3.019999999999999574e+01
0.000000000000000000e+00,0.000000000000000000e+00,0.000000000000000000e+00,0.000000000000000000e+00,0.000000000000000000e+00,0.000000000000000000e+00,0.000000000000000000e+00,0.000000000000000000e+00,0.000000000000000000e+00,0.000000000000000000e+00,0.000000000000000000e+00,0.000000000000000000e+00,0.000000000000000000e+00,0.000000000000000000e+00,0.000000000000000000e+00,0.000000000000000000e+00,0.000000000000000000e+00,0.000000000000000000e+00,0.000000000000000000e+00,0.000000000000000000e+00,0.000000000000000000e+00,0.000000000000000000e+00,0.000000000000000000e+00,0.000000000000000000e+00,0.000000000000000000e+00,0.000000000000000000e+00,0.000000000000000000e+00,0.000000000000000000e+00,0.000000000000000000e+00,0.000000000000000000e+00,0.000000000000000000e+00,0.000000000000000000e+00,0.000000000000000000e+00,0.000000000000000000e+00,0.000000000000000000e+00,0.000000000000000000e+00,0.000000000000000000e+00,0.000000000000000000e+00,0.000000000000000000e+00,0.000000000000000000e+00,0.000000000000000000e+00,0.000000000000000000e+00,0.000000000000000000e+00,0.000000000000000000e+00,0.000000000000000000e+00,0.000000000000000000e+00,0.000000000000000000e+00,0.000000000000000000e+00,0.000000000000000000e+00,0.000000000000000000e+00,0.000000000000000000e+00,0.000000000000000000e+00,0.000000000000000000e+00,0.000000000000000000e+00,0.000000000000000000e+00,0.000000000000000000e+00,0.000000000000000000e+00,0.000000000000000000e+00,0.000000000000000000e+00,0.000000000000000000e+00,0.000000000000000000e+00,0.000000000000000000e+00,0.000000000000000000e+00,0.000000000000000000e+00,0.000000000000000000e+00,0.000000000000000000e+00,0.000000000000000000e+00,0.000000000000000000e+00,0.000000000000000000e+00,0.000000000000000000e+00,0.000000000000000000e+00,0.000000000000000000e+00
0.000000000000000000e+00,0.000000000000000000e+00,0.000000000000000000e+00,0.000000000000000000e+00,0.000000000000000000e+00,0.000000000000000000e+00,0.000000000000000000e+00,0.000000000000000000e+00,0.000000000000000000e+00,0.000000000000000000e+00,0.000000000000000000e+00,0.000000000000000000e+00,0.000000000000000000e+00,0.000000000000000000e+00,0.000000000000000000e+00,0.000000000000000000e+00,0.000000000000000000e+00,0.000000000000000000e+00,0.000000000000000000e+00,0.000000000000000000e+00,0.000000000000000000e+00,0.000000000000000000e+00,0.000000000000000000e+00,0.000000000000000000e+00,0.000000000000000000e+00,0.000000000000000000e+00,0.000000000000000000e+00,0.000000000000000000e+00,0.000000000000000000e+00,0.000000000000000000e+00,0.000000000000000000e+00,0.000000000000000000e+00,0.000000000000000000e+00,0.000000000000000000e+00,0.000000000000000000e+00,0.000000000000000000e+00,0.000000000000000000e+00,0.000000000000000000e+00,0.000000000000000000e+00,0.000000000000000000e+00,0.000000000000000000e+00,0.000000000000000000e+00,0.000000000000000000e+00,0.000000000000000000e+00,0.000000000000000000e+00,0.000000000000000000e+00,0.000000000000000000e+00,0.000000000000000000e+00,0.000000000000000000e+00,0.000000000000000000e+00,0.000000000000000000e+00,0.000000000000000000e+00,0.000000000000000000e+00,0.000000000000000000e+00,0.000000000000000000e+00,0.000000000000000000e+00,0.000000000000000000e+00,0.000000000000000000e+00,0.000000000000000000e+00,0.000000000000000000e+00,0.000000000000000000e+00,0.000000000000000000e+00,0.000000000000000000e+00,0.000000000000000000e+00,0.000000000000000000e+00,0.000000000000000000e+00,0.000000000000000000e+00,0.000000000000000000e+00,0.000000000000000000e+00,0.000000000000000000e+00,0.000000000000000000e+00,0.000000000000000000e+00
0.000000000000000000e+00,0.000000000000000000e+00,0.000000000000000000e+00,0.000000000000000000e+00,0.000000000000000000e+00,0.000000000000000000e+00,0.000000000000000000e+00,0.000000000000000000e+00,0.000000000000000000e+00,0.000000000000000000e+00,0.000000000000000000e+00,0.000000000000000000e+00,0.000000000000000000e+00,0.000000000000000000e+00,0.000000000000000000e+00,0.000000000000000000e+00,0.000000000000000000e+00,0.000000000000000000e+00,0.000000000000000000e+00,0.000000000000000000e+00,0.000000000000000000e+00,0.000000000000000000e+00,0.000000000000000000e+00,0.000000000000000000e+00,0.000000000000000000e+00,0.000000000000000000e+00,0.000000000000000000e+00,0.000000000000000000e+00,0.000000000000000000e+00,0.000000000000000000e+00,0.000000000000000000e+00,0.000000000000000000e+00,0.000000000000000000e+00,0.000000000000000000e+00,0.000000000000000000e+00,0.000000000000000000e+00,0.000000000000000000e+00,0.000000000000000000e+00,0.000000000000000000e+00,0.000000000000000000e+00,0.000000000000000000e+00,0.000000000000000000e+00,0.000000000000000000e+00,0.000000000000000000e+00,0.000000000000000000e+00,0.000000000000000000e+00,0.000000000000000000e+00,0.000000000000000000e+00,0.000000000000000000e+00,0.000000000000000000e+00,0.000000000000000000e+00,0.000000000000000000e+00,0.000000000000000000e+00,0.000000000000000000e+00,0.000000000000000000e+00,0.000000000000000000e+00,0.000000000000000000e+00,0.000000000000000000e+00,0.000000000000000000e+00,0.000000000000000000e+00,0.000000000000000000e+00,0.000000000000000000e+00,0.000000000000000000e+00,0.000000000000000000e+00,0.000000000000000000e+00,0.000000000000000000e+00,0.000000000000000000e+00,0.000000000000000000e+00,0.000000000000000000e+00,0.000000000000000000e+00,0.000000000000000000e+00,0.000000000000000000e+00
0.000000000000000000e+00,0.000000000000000000e+00,0.000000000000000000e+00,0.000000000000000000e+00,0.000000000000000000e+00,0.000000000000000000e+00,0.000000000000000000e+00,0.000000000000000000e+00,0.000000000000000000e+00,0.000000000000000000e+00,0.000000000000000000e+00,0.000000000000000000e+00,0.000000000000000000e+00,0.000000000000000000e+00,0.000000000000000000e+00,0.000000000000000000e+00,0.000000000000000000e+00,0.000000000000000000e+00,0.000000000000000000e+00,0.000000000000000000e+00,0.000000000000000000e+00,0.000000000000000000e+00,0.000000000000000000e+00,0.000000000000000000e+00,0.000000000000000000e+00,0.000000000000000000e+00,0.000000000000000000e+00,0.000000000000000000e+00,0.000000000000000000e+00,0.000000000000000000e+00,0.000000000000000000e+00,0.000000000000000000e+00,0.000000000000000000e+00,0.000000000000000000e+00,0.000000000000000000e+00,0.000000000000000000e+00,0.000000000000000000e+00,0.000000000000000000e+00,0.000000000000000000e+00,0.000000000000000000e+00,0.000000000000000000e+00,0.000000000000000000e+00,0.000000000000000000e+00,0.000000000000000000e+00,0.000000000000000000e+00,0.000000000000000000e+00,0.000000000000000000e+00,0.000000000000000000e+00,0.000000000000000000e+00,0.000000000000000000e+00,0.000000000000000000e+00,0.000000000000000000e+00,0.000000000000000000e+00,0.000000000000000000e+00,0.000000000000000000e+00,0.000000000000000000e+00,0.000000000000000000e+00,0.000000000000000000e+00,0.000000000000000000e+00,0.000000000000000000e+00,0.000000000000000000e+00,0.000000000000000000e+00,0.000000000000000000e+00,0.000000000000000000e+00,0.000000000000000000e+00,0.000000000000000000e+00,0.000000000000000000e+00,0.000000000000000000e+00,0.000000000000000000e+00,0.000000000000000000e+00,0.000000000000000000e+00,0.000000000000000000e+00
0.000000000000000000e+00,0.000000000000000000e+00,0.000000000000000000e+00,0.000000000000000000e+00,0.000000000000000000e+00,0.000000000000000000e+00,0.000000000000000000e+00,0.000000000000000000e+00,0.000000000000000000e+00,0.000000000000000000e+00,0.000000000000000000e+00,0.000000000000000000e+00,0.000000000000000000e+00,0.000000000000000000e+00,0.000000000000000000e+00,0.000000000000000000e+00,0.000000000000000000e+00,0.000000000000000000e+00,0.000000000000000000e+00,0.000000000000000000e+00,0.000000000000000000e+00,0.000000000000000000e+00,0.000000000000000000e+00,0.000000000000000000e+00,0.000000000000000000e+00,0.000000000000000000e+00,0.000000000000000000e+00,0.000000000000000000e+00,0.000000000000000000e+00,0.000000000000000000e+00,0.000000000000000000e+00,0.000000000000000000e+00,0.000000000000000000e+00,0.000000000000000000e+00,0.000000000000000000e+00,0.000000000000000000e+00,0.000000000000000000e+00,0.000000000000000000e+00,0.000000000000000000e+00,0.000000000000000000e+00,0.000000000000000000e+00,0.000000000000000000e+00,0.000000000000000000e+00,0.000000000000000000e+00,0.000000000000000000e+00,0.000000000000000000e+00,0.000000000000000000e+00,0.000000000000000000e+00,0.000000000000000000e+00,0.000000000000000000e+00,0.000000000000000000e+00,0.000000000000000000e+00,0.000000000000000000e+00,0.000000000000000000e+00,0.000000000000000000e+00,0.000000000000000000e+00,0.000000000000000000e+00,0.000000000000000000e+00,0.000000000000000000e+00,0.000000000000000000e+00,0.000000000000000000e+00,0.000000000000000000e+00,0.000000000000000000e+00,0.000000000000000000e+00,0.000000000000000000e+00,0.000000000000000000e+00,0.000000000000000000e+00,0.000000000000000000e+00,0.000000000000000000e+00,0.000000000000000000e+00,0.000000000000000000e+00,0.000000000000000000e+00
0.000000000000000000e+00,0.000000000000000000e+00,0.000000000000000000e+00,0.000000000000000000e+00,0.000000000000000000e+00,0.000000000000000000e+00,0.000000000000000000e+00,0.000000000000000000e+00,0.000000000000000000e+00,0.000000000000000000e+00,0.000000000000000000e+00,0.000000000000000000e+00,0.000000000000000000e+00,0.000000000000000000e+00,0.000000000000000000e+00,0.000000000000000000e+00,0.000000000000000000e+00,0.000000000000000000e+00,0.000000000000000000e+00,0.000000000000000000e+00,0.000000000000000000e+00,0.000000000000000000e+00,0.000000000000000000e+00,0.000000000000000000e+00,0.000000000000000000e+00,0.000000000000000000e+00,0.000000000000000000e+00,0.000000000000000000e+00,0.000000000000000000e+00,0.000000000000000000e+00,0.000000000000000000e+00,0.000000000000000000e+00,0.000000000000000000e+00,0.000000000000000000e+00,0.000000000000000000e+00,0.000000000000000000e+00,0.000000000000000000e+00,0.000000000000000000e+00,0.000000000000000000e+00,0.000000000000000000e+00,0.000000000000000000e+00,0.000000000000000000e+00,0.000000000000000000e+00,0.000000000000000000e+00,0.000000000000000000e+00,0.000000000000000000e+00,0.000000000000000000e+00,0.000000000000000000e+00,0.000000000000000000e+00,0.000000000000000000e+00,0.000000000000000000e+00,0.000000000000000000e+00,0.000000000000000000e+00,0.000000000000000000e+00,0.000000000000000000e+00,0.000000000000000000e+00,0.000000000000000000e+00,0.000000000000000000e+00,0.000000000000000000e+00,0.000000000000000000e+00,0.000000000000000000e+00,0.000000000000000000e+00,0.000000000000000000e+00,0.000000000000000000e+00,0.000000000000000000e+00,0.000000000000000000e+00,0.000000000000000000e+00,0.000000000000000000e+00,0.000000000000000000e+00,0.000000000000000000e+00,0.000000000000000000e+00,0.000000000000000000e+00
0.000000000000000000e+00,0.000000000000000000e+00,0.000000000000000000e+00,0.000000000000000000e+00,0.000000000000000000e+00,0.000000000000000000e+00,0.000000000000000000e+00,0.000000000000000000e+00,0.000000000000000000e+00,0.000000000000000000e+00,0.000000000000000000e+00,0.000000000000000000e+00,0.000000000000000000e+00,0.000000000000000000e+00,0.000000000000000000e+00,0.000000000000000000e+00,0.000000000000000000e+00,0.000000000000000000e+00,0.000000000000000000e+00,0.000000000000000000e+00,0.000000000000000000e+00,0.000000000000000000e+00,0.000000000000000000e+00,0.000000000000000000e+00,0.000000000000000000e+00,0.000000000000000000e+00,0.000000000000000000e+00,0.000000000000000000e+00,0.000000000000000000e+00,0.000000000000000000e+00,0.000000000000000000e+00,0.000000000000000000e+00,0.000000000000000000e+00,0.000000000000000000e+00,0.000000000000000000e+00,0.000000000000000000e+00,0.000000000000000000e+00,0.000000000000000000e+00,0.000000000000000000e+00,0.000000000000000000e+00,0.000000000000000000e+00,0.000000000000000000e+00,0.000000000000000000e+00,0.000000000000000000e+00,0.000000000000000000e+00,0.000000000000000000e+00,0.000000000000000000e+00,0.000000000000000000e+00,0.000000000000000000e+00,0.000000000000000000e+00,0.000000000000000000e+00,0.000000000000000000e+00,0.000000000000000000e+00,0.000000000000000000e+00,0.000000000000000000e+00,0.000000000000000000e+00,0.000000000000000000e+00,0.000000000000000000e+00,0.000000000000000000e+00,0.000000000000000000e+00,0.000000000000000000e+00,0.000000000000000000e+00,0.000000000000000000e+00,0.000000000000000000e+00,0.000000000000000000e+00,0.000000000000000000e+00,0.000000000000000000e+00,0.000000000000000000e+00,0.000000000000000000e+00,0.000000000000000000e+00,0.000000000000000000e+00,0.000000000000000000e+00
0.000000000000000000e+00,0.000000000000000000e+00,0.000000000000000000e+00,0.000000000000000000e+00,0.000000000000000000e+00,0.000000000000000000e+00,0.000000000000000000e+00,0.000000000000000000e+00,0.000000000000000000e+00,0.000000000000000000e+00,0.000000000000000000e+00,0.000000000000000000e+00,0.000000000000000000e+00,0.000000000000000000e+00,0.000000000000000000e+00,0.000000000000000000e+00,0.000000000000000000e+00,0.000000000000000000e+00,0.000000000000000000e+00,0.000000000000000000e+00,0.000000000000000000e+00,0.000000000000000000e+00,0.000000000000000000e+00,0.000000000000000000e+00,0.000000000000000000e+00,0.000000000000000000e+00,0.000000000000000000e+00,0.000000000000000000e+00,0.000000000000000000e+00,0.000000000000000000e+00,0.000000000000000000e+00,0.000000000000000000e+00,0.000000000000000000e+00,0.000000000000000000e+00,0.000000000000000000e+00,0.000000000000000000e+00,0.000000000000000000e+00,0.000000000000000000e+00,0.000000000000000000e+00,0.000000000000000000e+00,0.000000000000000000e+00,0.000000000000000000e+00,0.000000000000000000e+00,0.000000000000000000e+00,0.000000000000000000e+00,0.000000000000000000e+00,0.000000000000000000e+00,0.000000000000000000e+00,0.000000000000000000e+00,0.000000000000000000e+00,0.000000000000000000e+00,0.000000000000000000e+00,0.000000000000000000e+00,0.000000000000000000e+00,0.000000000000000000e+00,0.000000000000000000e+00,0.000000000000000000e+00,0.000000000000000000e+00,0.000000000000000000e+00,0.000000000000000000e+00,0.000000000000000000e+00,0.000000000000000000e+00,0.000000000000000000e+00,0.000000000000000000e+00,0.000000000000000000e+00,0.000000000000000000e+00,0.000000000000000000e+00,0.000000000000000000e+00,0.000000000000000000e+00,0.000000000000000000e+00,0.000000000000000000e+00,0.000000000000000000e+00
0.000000000000000000e+00,0.000000000000000000e+00,0.000000000000000000e+00,0.000000000000000000e+00,0.000000000000000000e+00,0.000000000000000000e+00,0.000000000000000000e+00,0.000000000000000000e+00,0.000000000000000000e+00,0.000000000000000000e+00,0.000000000000000000e+00,0.000000000000000000e+00,0.000000000000000000e+00,0.000000000000000000e+00,0.000000000000000000e+00,0.000000000000000000e+00,0.000000000000000000e+00,0.000000000000000000e+00,0.000000000000000000e+00,0.000000000000000000e+00,0.000000000000000000e+00,0.000000000000000000e+00,0.000000000000000000e+00,0.000000000000000000e+00,0.000000000000000000e+00,0.000000000000000000e+00,0.000000000000000000e+00,0.000000000000000000e+00,0.000000000000000000e+00,0.000000000000000000e+00,0.000000000000000000e+00,0.000000000000000000e+00,0.000000000000000000e+00,0.000000000000000000e+00,0.000000000000000000e+00,0.000000000000000000e+00,0.000000000000000000e+00,0.000000000000000000e+00,0.000000000000000000e+00,0.000000000000000000e+00,0.000000000000000000e+00,0.000000000000000000e+00,0.000000000000000000e+00,0.000000000000000000e+00,0.000000000000000000e+00,0.000000000000000000e+00,0.000000000000000000e+00,0.000000000000000000e+00,0.000000000000000000e+00,0.000000000000000000e+00,0.000000000000000000e+00,0.000000000000000000e+00,0.000000000000000000e+00,0.000000000000000000e+00,0.000000000000000000e+00,0.000000000000000000e+00,0.000000000000000000e+00,0.000000000000000000e+00,0.000000000000000000e+00,0.000000000000000000e+00,0.000000000000000000e+00,0.000000000000000000e+00,0.000000000000000000e+00,0.000000000000000000e+00,0.000000000000000000e+00,0.000000000000000000e+00,0.000000000000000000e+00,0.000000000000000000e+00,0.000000000000000000e+00,0.000000000000000000e+00,0.000000000000000000e+00,0.000000000000000000e+00
0.000000000000000000e+00,0.000000000000000000e+00,0.000000000000000000e+00,0.000000000000000000e+00,0.000000000000000000e+00,0.000000000000000000e+00,0.000000000000000000e+00,0.000000000000000000e+00,0.000000000000000000e+00,0.000000000000000000e+00,0.000000000000000000e+00,0.000000000000000000e+00,0.000000000000000000e+00,0.000000000000000000e+00,0.000000000000000000e+00,0.000000000000000000e+00,0.000000000000000000e+00,0.000000000000000000e+00,0.000000000000000000e+00,0.000000000000000000e+00,0.000000000000000000e+00,0.000000000000000000e+00,0.000000000000000000e+00,0.000000000000000000e+00,0.000000000000000000e+00,0.000000000000000000e+00,0.000000000000000000e+00,0.000000000000000000e+00,0.000000000000000000e+00,0.000000000000000000e+00,0.000000000000000000e+00,0.000000000000000000e+00,0.000000000000000000e+00,0.000000000000000000e+00,0.000000000000000000e+00,0.000000000000000000e+00,0.000000000000000000e+00,0.000000000000000000e+00,0.000000000000000000e+00,0.000000000000000000e+00,0.000000000000000000e+00,0.000000000000000000e+00,0.000000000000000000e+00,0.000000000000000000e+00,0.000000000000000000e+00,0.000000000000000000e+00,0.000000000000000000e+00,0.000000000000000000e+00,0.000000000000000000e+00,0.000000000000000000e+00,0.000000000000000000e+00,0.000000000000000000e+00,0.000000000000000000e+00,0.000000000000000000e+00,0.000000000000000000e+00,0.000000000000000000e+00,0.000000000000000000e+00,0.000000000000000000e+00,0.000000000000000000e+00,0.000000000000000000e+00,0.000000000000000000e+00,0.000000000000000000e+00,0.000000000000000000e+00,0.000000000000000000e+00,0.000000000000000000e+00,0.000000000000000000e+00,0.000000000000000000e+00,0.000000000000000000e+00,0.000000000000000000e+00,0.000000000000000000e+00,0.000000000000000000e+00,0.000000000000000000e+00
0.000000000000000000e+00,0.000000000000000000e+00,0.000000000000000000e+00,0.000000000000000000e+00,0.000000000000000000e+00,0.000000000000000000e+00,0.000000000000000000e+00,0.000000000000000000e+00,0.000000000000000000e+00,0.000000000000000000e+00,0.000000000000000000e+00,0.000000000000000000e+00,0.000000000000000000e+00,0.000000000000000000e+00,0.000000000000000000e+00,0.000000000000000000e+00,0.000000000000000000e+00,0.000000000000000000e+00,0.000000000000000000e+00,0.000000000000000000e+00,0.000000000000000000e+00,0.000000000000000000e+00,0.000000000000000000e+00,0.000000000000000000e+00,0.000000000000000000e+00,0.000000000000000000e+00,0.000000000000000000e+00,0.000000000000000000e+00,0.000000000000000000e+00,0.000000000000000000e+00,0.000000000000000000e+00,0.000000000000000000e+00,0.000000000000000000e+00,0.000000000000000000e+00,0.000000000000000000e+00,0.000000000000000000e+00,0.000000000000000000e+00,0.000000000000000000e+00,0.000000000000000000e+00,0.000000000000000000e+00,0.000000000000000000e+00,0.000000000000000000e+00,0.000000000000000000e+00,0.000000000000000000e+00,0.000000000000000000e+00,0.000000000000000000e+00,0.000000000000000000e+00,0.000000000000000000e+00,0.000000000000000000e+00,0.000000000000000000e+00,0.000000000000000000e+00,0.000000000000000000e+00,0.000000000000000000e+00,0.000000000000000000e+00,0.000000000000000000e+00,0.000000000000000000e+00,0.000000000000000000e+00,0.000000000000000000e+00,0.000000000000000000e+00,0.000000000000000000e+00,0.000000000000000000e+00,0.000000000000000000e+00,0.000000000000000000e+00,0.000000000000000000e+00,0.000000000000000000e+00,0.000000000000000000e+00,0.000000000000000000e+00,0.000000000000000000e+00,0.000000000000000000e+00,0.000000000000000000e+00,0.000000000000000000e+00,0.000000000000000000e+00
0.000000000000000000e+00,0.000000000000000000e+00,0.000000000000000000e+00,0.000000000000000000e+00,0.000000000000000000e+00,0.000000000000000000e+00,0.000000000000000000e+00,0.000000000000000000e+00,0.000000000000000000e+00,0.000000000000000000e+00,0.000000000000000000e+00,0.000000000000000000e+00,0.000000000000000000e+00,0.000000000000000000e+00,0.000000000000000000e+00,0.000000000000000000e+00,0.000000000000000000e+00,0.000000000000000000e+00,0.000000000000000000e+00,0.000000000000000000e+00,0.000000000000000000e+00,0.000000000000000000e+00,0.000000000000000000e+00,0.000000000000000000e+00,0.000000000000000000e+00,0.000000000000000000e+00,0.000000000000000000e+00,0.000000000000000000e+00,0.000000000000000000e+00,0.000000000000000000e+00,0.000000000000000000e+00,0.000000000000000000e+00,0.000000000000000000e+00,0.000000000000000000e+00,0.000000000000000000e+00,0.000000000000000000e+00,0.000000000000000000e+00,0.000000000000000000e+00,0.000000000000000000e+00,0.000000000000000000e+00,0.000000000000000000e+00,0.000000000000000000e+00,0.000000000000000000e+00,0.000000000000000000e+00,0.000000000000000000e+00,0.000000000000000000e+00,0.000000000000000000e+00,0.000000000000000000e+00,0.000000000000000000e+00,0.000000000000000000e+00,0.000000000000000000e+00,0.000000000000000000e+00,0.000000000000000000e+00,0.000000000000000000e+00,0.000000000000000000e+00,0.000000000000000000e+00,0.000000000000000000e+00,0.000000000000000000e+00,0.000000000000000000e+00,0.000000000000000000e+00,0.000000000000000000e+00,0.000000000000000000e+00,0.000000000000000000e+00,0.000000000000000000e+00,0.000000000000000000e+00,0.000000000000000000e+00,0.000000000000000000e+00,0.000000000000000000e+00,0.000000000000000000e+00,0.000000000000000000e+00,0.000000000000000000e+00,0.000000000000000000e+00
